60630
1
1

111.75
105.75
110
101.5
106.25
107.5
108.5
103.5
104.5
105
102.75
112.75
109.25
108.25
104.25
111.75
112.75
112
108.25
110.5
111.75
102.5
102
102.25
112
109.5
106.75
105.5
106
112.75
113.25
108
106.75
111
106.25
104.5
105.75
113.75
110.25
112.5
102.25
104.25
107
109.75
107.25
105
111.75
104.25
102.25
106
113.25
112.5
104.5
103.25
110.75
103.75
107.25
111.75
108.75
108.5
105.5
110.25
111.5
112
111
103
111.5
112
105
113.5
113
102.75
111.5
108.75
106.5
101.5
103
101.75
112.25
113.5
108.75
107.25
110
102.5
103
111.5
105.5
108
109.25
103.5
112.5
111.25
108
107.25
110.75
111
106
109.5
108.75
111.75
109.75
105.25
111.25
103.5
102.5
109
108.25
103
107.25
110.5
106.75
112.75
107.5
107
106.5
108.75
108.25
107.25
113.25
104.5
110.5
111.5
104.25
110.5
102.75
105.75
102.75
107.5
109.25
102
101.5
101.5
111.75
107.5
105.5
109
103.25
111.75
103.25
110.75
103.25
110.75
102.25
109.75
112.75
103.75
103.75
103.5
106.75
111
107
113
103
109
104.75
106
101.5
111.75
104.5
102.75
104
103.75
107.5
110.75
113.5
109.75
112.75
111.75
102
101.5
111.75
110.5
107.5
106.5
113
106.75
113.5
113.75
106
110
109.25
110
102.25
113.75
106
111
101.5
111
108.25
105.75
108.5
112.25
113.5
109.75
103.25
106.75
104
105.75
104.75
105
103.75
105.5
110.25
101.75
101.5
113.75
106.25
103
113.5
102.25
107.5
103.5
112.5
103.75
111.25
102
112.75
110.25
112.25
112.25
107.25
110.75
105
102.25
113.5
101.5
103.5
106
109
113
113.5
109.25
111.25
113.5
103.75
103.25
107
107
111
112
111
108.75
111.5
103.25
103.5
111.75
105.25
111
103
104.25
102
110
107
102.75
108.5
113
104.5
110.5
107.75
109.75
106.25
112
112.5
105.5
109.25
113.5
107
101.75
106.75
113.75
103.25
108
112
111.25
107.75
104.5
101.5
104
102.25
106.25
104.25
111
101.75
111.25
102.75
107.25
102
110.25
109.5
110.25
111
108
105.75
103.25
109.5
109.5
106.25
102.5
106.75
111.25
108
108.75
106
112
107.75
102.75
110
113.75
111.75
104.5
112.75
104
106
102.25
111.25
107.25
108.75
113
110.75
108.75
113.75
110.75
105.5
113.75
112.25
112.75
113.25
105.5
110.5
102.75
111
109.5
102.75
110
105
101.75
105.5
106.75
110.5
104.75
104.75
102.75
110.25
102.25
104.5
103.5
109.5
112.75
104.75
103
106.75
103.5
113
109.5
109.25
112.5
113
107
108.75
104.25
110.25
101.5
107.25
105.5
112.5
103.75
112
111.25
102.25
107.5
102.5
104
112.75
113.75
110.5
104.75
107.5
107
106
106
110.75
102.75
103.5
111.75
102
107.75
108.25
105
105
107.5
110
107.5
107
103.75
109.75
106.5
110.75
113.25
106
108.25
107.25
106.5
104.75
106
112
110.25
102
109
104.75
108.25
102
113.75
108.25
107.75
112.25
107.5
107.25
107
104.25
109.25
102.25
109.5
102.75
112.25
107.75
109.25
112
112
107
110.5
105
101.5
110.75
104
104.75
107.5
106.5
106.5
110.25
109.75
104.25
104
113
105.75
110.25
101.5
111.5
112.5
112.75
107.5
106.25
107.75
108
112.5
103.5
102
106.75
105.5
108.5
112.25
101.75
110
106
105
106.25
102
101.5
110.75
104
108
104
103.25
106.5
105.25
108
108.25
112.25
103.5
105
103.75
109.5
110.5
105.25
110.75
108.25
107.5
107.75
108.25
108.75
108.5
107.25
106.5
102
104.5
107.25
113
110.75
104.25
112.75
107.75
105
104
102
105.5
109
108
104.25
106.75
104.25
113.25
102.25
106.5
111.5
107.5
111
104.75
111.5
101.75
104.5
108.75
101.5
104.75
103.5
108.5
105.25
103.25
108.25
101.5
103.5
111.25
102.25
104
103.25
107.5
108.25
103.5
104.75
110.75
101.75
101.5
104
108.5
112.25
110
102.75
111.5
104.25
102.5
110.25
103
107
101.5
107.25
110.25
103
105.5
108
103.25
108
103.25
110.75
106.75
106.25
104.25
113
107
105.75
104.5
105.75
113
110.25
111.75
107.25
108.75
108.75
105.25
103.75
109.5
113
102.75
102.25
104.5
110
110
102.5
107
103.25
106.25
109.5
104.75
103.25
109.75
104.25
110.25
105.75
113.5
107.75
111
107.25
112
102.5
104.25
111.75
107.75
103.75
107.75
106.75
106.5
108
110
102.75
109.75
101.5
113.5
108.75
101.75
112.25
110
110.75
110
103
112.25
108
102.75
104.5
113.5
109.25
101.5
104.75
111.75
102.75
102.75
112
104.5
104.25
108.25
107.5
108.5
102
112.25
113
107.25
111.5
104.75
107.75
107
106
104
105.75
109.5
104.5
112.75
106.25
109.25
111.5
111
110.25
111.5
113.25
111.25
111.5
112.75
102.25
105
101.75
111.5
112.5
103.5
110.25
103.75
112
102.75
105
109.25
102.25
108.75
107.75
103.5
112
113.25
113.75
103
104.25
108.25
105.75
111.75
108.75
111.5
104.75
107.5
101.75
108.25
105.25
109.75
104.75
112
107.5
101.75
112
103.75
106.5
108.5
108.25
110
107.75
110.5
113.5
106.5
110.75
113.25
102.5
102.25
106.75
104.75
103
104.75
104
106.75
111.25
111.5
105
112
106.25
104.75
111.75
102.5
106
109.5
101.5
102.75
107.75
111.25
102.25
107
113.5
113.25
110
113.5
106.75
105
104.75
107.75
112.75
104.5
113
108.5
106.25
104.5
106.25
110.25
111.25
112.5
105.25
111.5
112.75
103.5
106
106.5
101.75
107.25
109.5
107
102
110.75
106.5
104.75
101.75
102.25
107.25
108.25
101.5
106.25
105.25
105.25
108.5
112.25
113.25
111
112.25
110.75
103.75
104.75
113.75
109.25
111
112
103.5
104
106.75
103.5
102.5
111
113
111.5
113.75
112.25
109
106.5
113.5
105.75
110.5
109.75
110.25
108
110.25
111
102.25
108.75
107.5
113.5
107.25
103.75
103.25
105.5
112.5
102.75
106
108
104.25
107.75
102.75
101.75
113.75
113
110
105.25
105
112
107.75
104.75
112
113
113.5
107
108
103
107.25
108.75
102.5
102.75
108
104.5
107.75
112.25
105.25
110.5
110.5
111.75
105
112.5
103
102
110.5
111
109.5
102.75
105.25
109.25
109
111.75
107.75
104.25
110.75
110.5
111.5
101.5
104.5
110
112.25
102.25
105.5
102
103.5
104.5
109.75
102.5
102.25
110
102.25
103
113.5
107.5
105.75
104.75
103.75
108.5
101.5
109
106
103.5
101.5
102.75
104.25
105
102.25
108
112.25
103.75
102
104.25
111.25
113.5
109.5
102.25
107.5
106.5
102
107.25
109.25
106.25
108.5
103.75
103.5
106.25
106.75
102.25
112.75
109.25
102.5
112
110.25
104.75
113.5
111.25
107
111
110.75
104
104.25
110
103.5
104.25
103.75
112.25
105.25
106.25
110.75
106.25
103.5
101.5
106.75
105
105.75
105.25
102.75
105.25
109
111.25
104.5
111
109.5
102.5
110.25
104
110
107.5
109
105.25
101.75
111.75
105.25
108.75
104
113.5
107.25
111
108.25
109.5
103
111.25
104.75
103.5
111.75
111.5
107.25
104.75
108.5
110
108.5
101.5
106.75
110.25
107.5
106.75
109.75
105.75
102.25
112.75
106
107.75
108
108.75
101.5
113.5
103.75
112.25
110.5
109
105.5
113.75
105.75
108.5
108.75
105
106.75
102.75
108
105.5
105.5
108
105.5
110.75
109.25
105
111.5
110.5
106.75
104.5
106.75
105
103.75
105.25
102
107.25
107.5
111.75
112.75
104.5
107.25
109.25
103
106
106
102
103.25
103.25
109.25
104.5
110.5
109
105
103.75
110
103
111.5
112.25
113
102
102.5
112.75
103.5
113.5
111.75
104.5
109.25
105
111.25
103.5
107
102.5
112.75
102
106.25
108.75
111
107.25
106
105.5
103.75
113.5
110.5
113
104.5
109.75
103.5
107
113
112
110.75
107.75
113.25
103.5
102
103.25
113.5
109
112
101.5
108.5
113.75
102
113.5
109.5
111.5
105.25
107.75
104.5
105.75
110.5
113.25
106
113.25
108.5
101.75
105.5
109
113.75
107.75
103.5
108.75
106.5
111.5
104
113.25
104.5
102.75
107.75
112
104.25
102.5
113.5
113
105
113
111
106.25
111
104.75
107.75
105.25
106.75
107.75
105.25
108.5
110
106.5
102.75
105
103.25
104.5
104.25
107.5
113.75
106.25
109
107.25
101.5
109.75
107.75
104
110.75
110.5
110.75
108.5
112.25
110.5
105
105
111.75
113.75
110.25
102.75
110.75
102.5
110.75
107.25
105
106.5
103.5
106
109.25
110.25
102
107.25
102
112.5
108
108
113
107
113.75
111.5
107.5
106.25
112.25
104.25
111.75
111.25
106.25
105.25
102.75
110.25
105.5
101.5
105.25
103.75
105
105.5
112.25
107.5
103.75
101.5
112.75
107.25
111.25
104.25
107
106
103.5
109.25
106
108
104
107
107.5
108.75
104
102
109.5
111.75
112.75
105
107.5
105
102
102.75
104
107.5
107
106.75
107
113.25
108.25
111.25
102.75
112.75
112.5
101.5
112.25
102.5
109.25
104.5
107
111.25
108.5
104.5
104.5
105.75
103.5
105.25
103.5
107.25
103.75
110
102.5
110.5
106.25
103.5
112.75
103
105.5
101.5
105.75
112
110.75
109.5
103
107.5
113.25
106.75
109.75
107
109.25
108
109.75
113.5
107.25
109.5
106
108
106.5
104.25
109.5
103
111.5
107.75
107.5
110.5
108.25
106.25
112.25
110
108.25
106
106
111.75
113
109.75
108.5
108.25
108
106.75
113.25
104.5
102.25
108.25
103.5
112.75
103.5
110.25
111
110.75
112.25
104.75
101.75
101.5
108.5
104.25
101.5
113.75
112
102.5
106.25
109.25
105.25
105.75
104.75
112.25
110
107
107
109
101.75
112
108.25
108.25
106.5
102
105
109.25
111.5
107.25
110.75
107.25
108.75
112.75
106.25
108.25
112
104
109.5
103.5
108
110.75
106.5
108.5
101.75
103.5
104.75
104
109.75
110.5
112
104
107
108.5
110
111.75
106
102.25
105.75
105.25
111
109.25
103.25
101.5
105
113.5
103.5
104.25
104.75
103
103.25
108.5
111.25
110.25
105.25
107.75
110.5
110.5
109.75
104
109
113.5
108.5
112
109.75
111.5
105.5
110.25
104
113.75
110.75
112
109.5
108.5
102
106.25
112.5
112.5
103.5
102
113.25
109.5
110.25
103.5
105
113.25
112.25
113.75
105.25
111.75
111.25
101.5
104.5
113.5
107.25
101.75
107.5
109.75
111.75
101.5
102.5
111.5
113.25
106.25
109
108.5
109.25
112.5
111.5
110.75
113.75
107.75
109.75
111
112
112.25
102
104.25
104
110
111.5
113.25
110.25
108.75
111.5
102.75
111.75
112
104
113.75
108.5
108.75
106.75
108.25
107.25
112.25
106.5
113.25
108
108
111.5
109.5
108.5
103.75
106
111.25
103.75
113.75
107.5
107
109
103.5
105.75
103.5
108.25
102.25
106.5
103.25
113
107.5
107
104.25
106.25
104.25
103
111.5
104.75
109.75
105.5
109.5
102
111.75
102.5
104.75
104.5
113
104
105.25
102.5
113.75
110.5
109
113.5
109.5
110.75
110
111.5
105.75
103
106.5
111.75
109.5
113.75
107.25
103.5
102.75
106.75
112.75
113
105.5
108.5
108.5
108.75
103.5
108.25
101.5
103.25
108.75
109.25
112.75
108.5
108
102.25
113.75
110
105.25
112.25
103.5
107
112.25
108.75
105
106
102.75
111.75
107.25
107
113.5
101.75
110.5
112.5
113
108.25
105.75
108.75
105.5
107.5
111.75
106.25
104.5
113
112.25
111.75
105.25
113.75
103.25
111.5
102
110.5
101.75
110.75
108
104.5
102.75
109.75
112.5
109
113.25
105.25
105.25
104.75
104.25
108.5
108.5
108.5
111.5
104.25
113.25
112.75
106.5
107.75
111.25
101.5
113.75
109.75
105.25
105
109.5
103.25
109.5
113
105.75
107
109.5
104
111.75
109.25
110.75
102.75
108.75
106.75
111
101.75
113.25
103.5
113
108
103.75
111.25
107
105.5
110.5
102.75
108.5
105
104
102.25
108.25
113.5
102.25
104.25
109.25
109.5
102.75
113.25
103
102
106.75
113
109.25
106.75
102.75
113.25
107.5
106
110.25
108
107.5
103.75
113.5
107.5
102.25
107
110.25
112.25
111
102.25
109.5
113.25
109
108
108.5
101.5
101.75
104.25
113.75
102.75
104.75
105.5
107.25
104.25
112.75
107.25
107.5
101.5
102.25
109.25
110.75
113.75
104
112.25
105.25
107
108.75
109.25
104.5
108
109.25
113.25
111.5
106.75
102.75
107
109.5
111.25
106.5
105.25
109.25
103.5
112.25
103
108.5
113.5
103
106.75
105.5
113
113.25
106.5
112.5
108.75
111
103.75
110
106.25
108.5
105.75
105.25
108
110
106
103
108.5
113.25
106
111.5
113.75
110.25
110.5
113.75
106.5
104
106.75
104.75
105.25
110.25
106
109
109.25
105.75
110.75
112.5
110.5
103.25
104
108.25
107.5
109.25
102
106.75
106
112.25
110.25
110.75
104.25
102.5
108.25
103
106
107
104.75
101.5
112
110.75
111
111
102.75
111.25
113.25
109.25
112.25
110
110.75
104.25
112.25
105.75
101.75
109.5
113.25
105.25
102.25
102.5
110
112.75
107.75
106.75
105
109.25
107
103
103
112.25
112.25
109
109
106
104.25
104.75
106
101.75
105.5
108.75
106
111.5
109.25
109.75
108.75
104.75
103.75
102.25
110.5
112.75
105.25
107.5
106.5
110.25
109
108
102.75
107.75
106.75
103.5
103.75
103
102
109.5
102.75
111.5
107.75
104.5
110.25
104.5
109
110.5
113.25
102
103.5
109
111.5
108
103.5
112.25
111.5
113
107.5
107.25
113.25
109
110.25
107
101.5
103.25
102.75
105.5
111.75
111
109.25
106
105.25
113
107.75
103.75
104.5
110.5
102.75
104.5
112.25
112
106.75
107
104.5
113.5
106
106
105.75
105
101.5
111.5
110.25
103.75
106.25
112.75
102.25
111.5
108.75
113.75
102.75
111.75
104.25
109.25
102
102.25
109.75
108.75
110.75
112
102.25
109.75
106.5
105
106
112.5
104.75
108.75
102
105
106.25
106.5
102.75
113.25
112.5
110.75
108
108
107.25
111.5
108.75
111.5
111
104
106.75
112.75
106.75
106.5
109.75
111.25
102.75
108.5
108.75
103
104.5
110.25
110.75
113
109.75
111
110.25
108.75
112.25
111.5
104.5
105.25
101.75
102.75
103.25
105.75
106.25
110
106.75
103.25
113.5
112.75
113.25
106
111
112.5
107
104.75
108.5
105
101.75
107.25
111.5
102.5
101.75
108.25
113.25
112
106.75
104.75
101.75
104.75
106.75
105.25
106.75
112.75
104
112.75
111.75
107
104.5
101.75
105.25
102.75
112.25
111
108.75
109.5
103.5
102.5
107
103.25
112.75
111
112.5
111.5
111.25
102.5
102.5
107.25
107.75
108.5
107.5
109.25
109
109.75
107.25
112.5
109
113
110.75
112.75
102.75
105.5
101.5
111.25
111
104.75
110.25
113.25
103.75
109
107.5
103.5
110.75
107.5
106.5
107
112.25
102.75
110
104.25
103
103
110
107.75
109.5
106.25
111.75
109.5
110
108.75
108.75
109.75
105.75
110.5
107.75
106
110.75
108.5
106.25
108.25
110.75
111.75
103
112.75
104
101.75
112.25
109.5
110.5
109
107.75
103.25
110
107.5
106.25
111.5
108
111.75
101.75
108.75
111.5
107.5
107
111.75
111.25
110.75
111.5
111.25
112.25
102.25
104.75
109.25
102.25
102.75
108
108.75
112.75
111.25
106
113.5
109.75
111.25
105.25
106.75
112.25
108
107
111
108.5
109.25
113.75
108.5
111.75
107.25
112.25
110
112.25
113.75
102
103.25
102
111.75
110.75
113
111.75
110.75
104.75
101.5
105.5
111.5
104.5
110.25
108
104
108.25
109.5
104
111.25
102.75
107.5
104.75
107
112.75
105.5
104
111
111
104.25
112.75
105.75
107.75
105.75
111.25
112
104.75
113.25
102
105.75
113.75
107.25
108
102.25
113.5
101.75
106.5
110.5
103.5
105.75
103
102.75
109.25
104.5
106.25
107.75
103
109.25
112.75
112.5
111.75
102.25
111
105.25
101.5
106.25
107
111.75
109.75
109.75
107.75
112
106.25
101.5
102.5
108.5
110.25
103.25
109.75
112.25
111.5
102.25
101.5
109.75
107
106.75
104.25
111.5
111
111.75
103.5
113.25
102
103.5
108.75
102
109.75
111.5
102
106
107
112.75
110.25
103.5
104.25
112
112.5
113.75
111
108.5
112
103.25
111.75
113.25
106.25
112.75
109
104.75
105
104
104.25
110.25
107.25
102.5
104.5
102.25
102
106.25
102.5
108.75
102
107.5
113.75
109
112.5
112.5
113.75
106
105.25
104.75
102
107.25
106.5
109.25
113.25
104.25
106.25
113.5
113.5
102.25
102
108.75
102.25
112.25
107
111
104.75
110
101.5
107
111.5
104.25
112
101.75
109
108.25
105.5
108
108.5
106.5
105.25
113.5
113.5
108.75
110.25
103.25
109.75
104.5
102
104.5
106.5
106.5
107
107.25
111.75
110.5
111
105.75
105.75
112
113.5
105.75
113.75
105.25
111.25
109.5
106.25
109.25
102.25
109
108.5
109.25
111.25
102
109
107
105
10