2000.0000124359976
1000.000042751114
666.6667336755453
500.0000438772274
400.000077696705
333.33355537222883
285.7146000117032
250.00019247201493
222.22222858126486
200.00019162726642
181.81816757767007
166.66667541156122
153.84615823616465
142.85714960764196
133.33333544587293
125.00001235342506
117.64706903899216
111.11114501721988
105.26318299612682
100.00015750079297
95.2382105484575
90.90944192396208
86.95691096030453
83.33354658896401
80.00033875405153
76.92329972108665
74.07413985914576
71.42860263305559
68.96550506749274
66.6666703960416
64.51612896332318
62.500000104386494
60.60606102533381
58.823532432369454
57.14285978495548
55.55556344676365
54.05407398676288
52.63160660435837
51.28206998367642
50.00000037826209
48.78052158921152
47.61906680493929
46.511647183641806
45.454572644090625
44.44451810425043
43.47834770245911
42.55335906916508
41.66690638729228
40.816327881612054
40.00000922253887
39.21569459582087
38.46153935932543
37.735850357312366
37.037037936392366
36.363646833826266
35.71430553393345
35.08780081757393
34.48279218959082
33.89841302034214
33.33341771094035
32.786941552477124
32.25807344871977
31.74604537339171
31.249998623301646
30.769236509425493
30.30303551483354
29.850762239447587
29.41177358404999
28.985516333865885
28.571470202676817
28.16902540699348
27.77779236601469
27.397283555356776
27.027045708766625
26.66667058679502
26.31579194027894
25.974026547883454
25.641026960732674
25.316458108454515
25.000006825604903
24.691372652019773
24.39024481008595
24.096396370747442
23.809535447940824
23.529422473141082
23.25583706220246
22.988600796690584
22.727359588625102
22.471932291857396
22.222318145617365
21.978032538244353
21.739162000405507
21.505372694558872
21.27662729822976
21.052625773261784
20.833335752036884
20.618558495387564
20.408165094300806
20.20202032704438
20.000004519316867
19.80200331110649
19.607856768469116
19.417514728520143
19.230878262116153
19.04772303261553
18.86789904153034
18.69162122360721
18.51851419029478
18.348628302872722
18.181817920581654
18.018018472865407
17.857143272104196
17.69911723362139
17.543860920849205
17.391305005606718
17.241385936833485
17.094022309736673
16.949152252558957
16.80672329820166
16.66666934559412
16.528929156053213
16.3934465565993
16.260185030332146
16.1290411162609
16.000006949355594
15.873025674002319
15.748031646707062
15.625005645725118
15.503888267597823
15.384638772331765
15.267206580335472
15.151632116254044
15.037622347986765
14.925399416324437
14.814847829879708
14.705883984876543
14.598545326093655
14.492760969249336
14.388504069375449
14.285727251680497
14.18441702147244
14.084519831556952
13.986012418269983
13.88888940672338
13.793103871184853
13.698630503277721
13.605443449824064
13.513523075370088
13.422896121293618
13.333339783955584
13.245058849084844
13.157914359552649
13.071916513394777
12.987023139717511
12.903285528756816
12.820584629335903
12.73895133910867
12.65830148822665
12.578704991821036
12.500011135637886
12.422384240842007
12.345697962752816
12.269938515328823
12.195123797286337
12.121215760196453
12.048193218126064
11.976048518827751
11.90476240455493
11.834320211031642
11.76470596009174
11.695906923776493
11.627907000791634
11.560694189986377
11.494253677023535
11.428571861626915
11.363636492319467
11.299436891593443
11.235955829993207
11.173185105037819
11.111112075653132
11.049723499161773
10.989011845721787
10.928962072866542
10.869565234036342
10.810811049327434
10.752690239266643
10.695188374496876
10.63829734821743
10.582017469423898
10.526319735976111
10.471209661017175
10.416679275587882
10.362785042000525
10.309418734891189
10.25651588392037
10.204092842394294
10.152323225626459
10.101011196168225
10.050253756858151
10.000001557552435
9.950250656537653
9.90099115532813
9.85222029350759
9.803933988640306
9.756111116645748
9.708768562701337
9.661842319375793
9.615405421094396
9.569380214804454
9.523824536750265
9.478683551272244
9.433983973193772
9.389667434185544
9.345817828723352
9.302338601569181
9.25926479551196
9.216596035852886
9.174324335938167
9.132433724968376
9.090914819894678
9.049783485819477
9.009026548649816
8.968642107497658
8.928605871240405
8.888924647901908
8.849594885530307
8.810591407953076
8.771944269676721
8.733637849668408
8.69566733962528
8.65802698321104
8.620704691693907
8.583722429863357
8.547025905437753
8.510662636188885
8.474579157402893
8.43883650269471
8.403372879321568
8.368215283476907
8.333349965299691
8.298809123002236
8.264528407834803
8.230508280832856
8.196706876322391
8.163276667448862
8.130080719331817
8.097167646639855
8.064517575749136
8.032139405518386
8.000007317206176
7.968155003699577
7.936537241747956
7.905147451968735
7.874025588124545
7.8431611678843725
7.8125259001584855
7.782126452477346
7.751946730281654
7.722025089826689
7.692326039916056
7.662841643979551
7.633587373877032
7.60456786092592
7.575756766446664
7.547170264364477
7.518797557298274
7.490638879915315
7.4626867623917805
7.4349463238292985
7.407409485313852
7.380073774381082
7.352941425300019
7.326008145275408
7.299272095032716
7.272731023826376
7.246380290954459
7.220222664220789
7.194253970311086
7.168461441663842
7.142860049938961
7.11744344304206
7.0922149076254275
7.067158218848949
7.042270796121276
7.017572954591066
6.993027452534971
6.968640400940412
6.944448135149362
6.92041487654306
6.896552697992033
6.872852569860596
6.849315922810508
6.825940542180464
6.802734736827051
6.7796641919548595
6.756757742726489
6.734014257134548
6.711414676822799
6.688969333496546
6.666673239883012
6.644527032121427
6.622532945142329
6.600663292612377
6.5789482001512765
6.55737959856846
6.535949101218057
6.514658638596458
6.4935066834189605
6.472492397413751
6.451612913173501
6.430868408039277
6.410256458997617
6.389776805057404
6.3694275332752275
6.349213601555976
6.3291181363293605
6.30916218883869
6.289311814311444
6.269605362595838
6.250001341302679
6.230532651862497
6.211185374230908
6.191962382968751
6.172843636825997
6.153862033047576
6.134971130191321
6.116210945113293
6.097561865450292
6.079028889168174
6.060607204757369
6.042298258016022
6.024103648914784
6.006004136129081
5.988025747827816
5.9701493642201715
5.952381307287452
5.93471830844291
5.917160335020347
5.899707377242774
5.882355705785834
5.865106674756443
5.847959317965608
5.830906030143038
5.813956592038782
5.797105672659859
5.780349420922132
5.763690096055414
5.7471313104301815
5.73066136053564
5.714287857532807
5.698013359239025
5.681817982968504
5.665722506433986
5.649718161863717
5.633803774701587
5.617978090645607
5.602240950980736
5.586598980128506
5.571031607775342
5.555557032696929
5.5401671038324505
5.524865599623216
5.509644437714377
5.494507180056996
5.479454535745875
5.464485090501272
5.449590986494263
5.434784089672827
5.4200555647171695
5.405406164565405
5.390835581781233
5.376345040544883
5.361931292296384
5.347595885329554
5.333334219878301
5.319150816538083
5.305042299696497
5.291005539216029
5.27704493724244
5.263158367915557
5.249345254218459
5.235603378644876
5.221931585071383
5.2083371815578925
5.19480582719693
5.1813482440917165
5.167960637718866
5.154651272129615
5.141393343888691
5.128212642563756
5.115102150535444
5.102041619404619
5.0890603735760775
5.0761458503248
5.063298810264351
5.050507928698823
5.037800782824413
5.025135216201864
5.0125310003120775
5.000002024848682
4.987530961748008
4.975124495298504
4.962779430583307
4.950495255205144
4.938271693041428
4.92610920700031
4.914005222668419
4.901961127003808
4.88997673991859
4.878050683105253
4.866180384118825
4.854369721862535
4.842617031454574
4.830919206562442
4.819276733508278
4.80769323751704
4.796163543645704
4.784689046733347
4.773269968792859
4.761906141687137
4.7505953822113876
4.739340291362908
4.728148036028255
4.716987808202647
4.705887166804356
4.694841883482012
4.683841550045847
4.67289974457948
4.6620066272232625
4.651165354498107
4.640371744878971
4.629633892625462
4.618939860200398
4.608299134882073
4.59770693209436
4.587158861753702
4.576666299058692
4.566215638814108
4.555813976076475
4.545459381010353
4.535146323768126
4.524889590842618
4.51467175078195
4.504505141477506
4.494382262048725
4.484305203682636
4.47427300691472
4.464285798193324
4.454343042543212
4.444444484854645
4.434589834260718
4.42477882228587
4.415011310255637
4.405287057368493
4.395604575200496
4.385965376491748
4.376368824607202
4.366814521498023
4.3573010358404645
4.347830224814666
4.33840123242244
4.329005250776007
4.319656150601195
4.310346552337105
4.30107956704251
4.291851298705858
4.2826605288936275
4.273509033412554
4.264394149982003
4.25532215364513
4.246287596891485
4.237292602007991
4.228329788491754
4.2194116633902645
4.210526890233473
4.201681758385868
4.192873334325821
4.184103326881874
4.175371591188623
4.166671509664989
4.158008173142272
4.149383820366172
4.140791766661312
4.132237165907181
4.123724784795134
4.115231574739654
4.106782846633635
4.098362147968415
4.089982840011249
4.081634611600257
4.073320727514284
4.065041349407985
4.0567964064980675
4.04858476150632
4.040404646654697
4.032258449790312
4.024146914817344
4.016064034911019
4.008016983271408
4.000000154281063
3.9920159489023
3.984063828145687
3.976143391554623
3.9682542661779396
3.9603969441302294
3.9525731044194026
3.9447850359626098
3.9370261769708956
3.9292882925532817
3.9215839569046955
3.913905068529116
3.906259193834087
3.898634330755209
3.8910508624277265
3.883495344754302
3.875969209779383
3.868472373862638
3.861004645791082
3.853570331470099
3.8461582270308705
3.8387783449607964
3.8314199475855273
3.824098616400416
3.816797900734276
3.8095270047159056
3.8022860327556978
3.7950683457063814
3.7878809136155716
3.7807240087347207
3.773592398514555
3.7664807371168987
3.7594042092790128
3.752353758914597
3.7453191542467406
3.7383179009771372
3.731344228931051
3.7243958114124505
3.7174724424437233
3.710577333382729
3.703707023912182
3.6968633027193007
3.690040913061004
3.6832472862642547
3.676477402388217
3.669728515073649
3.6630041633142136
3.6563073921487566
3.649635247480441
3.6429873519628475
3.636363822010119
3.6297647003891416
3.6231915393649987
3.6166428581975945
3.610115863654692
3.6036213887489934
3.5971463591648916
3.5906733133093045
3.5842421048105435
3.5778125920682693
3.5714319594695807
3.5650625541556877
3.558719305428011
3.552397881088424
3.54609947232035
3.53982303473037
3.5335689617747446
3.527337011990207
3.5211267842852294
3.5149391902742186
3.508773274564782
3.502631707860433
3.496505134145614
3.4904085594929564
3.484326788060448
3.478262910211155
3.472223738664767
3.466207843625655
3.4602103184359443
3.454232179107219
3.448278118899362
3.442343611911241
3.4364285993491417
3.430531546766147
3.424658590436344
3.418803505091682
3.4129699577413524
3.4071553695810253
3.401362360413935
3.3955894572350283
3.3898420219990224
3.384100985302186
3.37838352342652
3.372688898886764
3.367012012074594
3.3613446527861917
3.355705059165047
3.3500844097913234
3.3444822123379536
3.33889873431464
3.3333340661083817
3.327787094459693
3.3222607866967273
3.3167499402583913
3.311259142070187
3.30578507271655
3.3003314672143063
3.2948945131099503
3.289475676281847
3.2840721527361074
3.2786887970363874
3.2733226119481182
3.267973875852825
3.2626427860810674
3.257329257664893
3.252034278674409
3.246754927804977
3.2414977175398887
3.2362472686026256
3.2310216117314408
3.2258079413180263
3.2206169520045296
3.215432827019703
3.210273672366787
3.205128178842305
3.2000001198696792
3.194888253404335
3.1897931786211435
3.184717208200229
3.179658498951879
3.1746060792756796
3.169582160126352
3.1645573080884173
3.1595583731418704
3.1545742488059316
3.149606917960179
3.1446543373179567
3.1397185332975734
3.1347996024620906
3.1298970244868456
3.1250073956150968
3.1201407935720797
3.115268351114088
3.1104243988200406
3.105596638022303
3.100781807616412
3.0959770247544744
3.091196599454461
3.086419328777055
3.081664567203279
3.0769238382431228
3.072197197284234
3.0674858200636024
3.0627893503953056
3.058107999124135
3.0534376500415608
3.0487803687501085
3.044141225358266
3.039515439704571
3.0349030950136866
3.030306637133212
3.0257345515451224
3.021164852953878
3.0165949364208338
3.0120490386560266
3.0075201814917514
3.003003027332417
2.9985010147372715
2.994012038006117
2.9895370257650957
2.98507466454064
2.98062628084566
2.9761905709625913
2.9717688246518015
2.96735958000203
2.9629680925733024
2.9585853659134536
2.9542262910584176
2.9498711274400056
2.9455259039531847
2.941176651341867
2.9368582465236766
2.9325522065764003
2.928257768836151
2.9239768455279846
2.919708834886235
2.915451854791165
2.9112087966097793
2.9069787139282908
2.902759386191932
2.898551044367874
2.894365875385251
2.890173072428741
2.8860071193050354
2.8818439265878064
2.8777008151534473
2.873563972800331
2.8694409694810084
2.8653301489078156
2.8612334045728685
2.8571447638490253
2.8530697782287904
2.8490076251095315
2.8449549017195337
2.840914207333128
2.836878990431861
2.832864101186517
2.8288590678390833
2.8248670213751303
2.820878171919323
2.8169050388567753
2.812949328879001
2.808990404142045
2.805051603376727
2.8011214808699685
2.797204297623498
2.793297104315903
2.789401565451112
2.7855165445686865
2.781644589824291
2.7777847378885867
2.773926101356083
2.7700866345345836
2.7662552486162597
2.7624310336700573
2.758621598503857
2.7548243090223528
2.7510350985041265
2.7472539399826945
2.7434875402034624
2.73972777029847
2.7359807317802085
2.7322423827158526
2.7285136078751493
2.724799144774453
2.721094220931457
2.7173949236981225
2.7137092612085207
2.7100492319307024
2.7063611996431876
2.702705755952924
2.699059679928237
2.6954185244055036
2.6917906896665498
2.6881755346448744
2.6845660316274893
2.6809662802524112
2.6773767519807135
2.673798906811753
2.670227265435223
2.6666667323882667
2.663116221711362
2.6595757162807114
2.656043223304476
2.6525200383017875
2.6490069997340764
2.64550264546651
2.642007953121124
2.638522448758553
2.6350462877486587
2.631579890542803
2.6281239816527555
2.624679056375237
2.6212350001052784
2.6178009954647763
2.614379112457981
2.610966113861244
2.6075619722923116
2.604166766354717
2.6007805553248047
2.597407091319233
2.5940400034282374
2.590679020684738
2.587326337432722
2.5839810377742007
2.580645562540122
2.5773201207744325
2.57400295241393
2.5706942723881556
2.5673947030939974
2.5641025251962137
2.560819737138958
2.55754488784017
2.554278673118332
2.551020500342299
2.547771493409758
2.5445308444471677
2.541296938601839
2.5380719363384747
2.5348540489243034
2.5316456942491827
2.5284451045539145
2.525252620771246
2.522068122762331
2.518892330337853
2.515723808831883
2.5125630763654625
2.5094110953303277
2.5062695256539413
2.5031306030327567
2.500001786535286
2.4968826323347795
2.493769130832535
2.4906639982603833
2.4875653104576285
2.484479381937362
2.4813966298514747
2.478316100475703
2.4752501076673306
2.472189928789614
2.4691371316014914
2.466092779976095
2.463057332482609
2.4600261517195667
2.4570031976700335
2.45398791562735
2.450981068518402
2.44798121087997
2.4449879941673625
2.4420038118212695
2.439029384056384
2.4360569550960096
2.4330895413759457
2.4301342796324974
2.427184446628065
2.424242458903415
2.4213075483257263
2.4183802208711818
2.415460816655652
2.412554455729057
2.409646946619194
2.4067443310597865
2.403848441850425
2.4009612126259032
2.398081582236326
2.395209765558165
2.3923447369227215
2.389486365437984
2.3866349051103355
2.383790279852337
2.380952568190606
2.3781213584436807
2.375297098860098
2.3724793300837956
2.3696688224738423
2.366864432935715
2.364066792414513
2.361275127200224
2.3584911611410915
2.355713584753663
2.3529410673125604
2.3501767529766693
2.3474194009914733
2.34466624203836
2.341921143765767
2.339181812722905
2.3364491384284483
2.333723171221353
2.331004952996285
2.328289637859255
2.3255819353289664
2.322881428680918
2.3201857149362417
2.3174971115882257
2.3148148558284047
2.3121389178004086
2.309469016510365
2.306806063056918
2.304159892033303
2.30151052186077
2.2988530330775903
2.2962203396592504
2.293584164689815
2.290952424274929
2.288329903459446
2.285714644273461
2.2831056082962444
2.2805025533431134
2.2779057191065997
2.2753133023611904
2.272729914484401
2.2701488378559342
2.2675752742817306
2.2650069142136284
2.2624469930491418
2.2598870227311774
2.2573400303429163
2.254794201353206
2.2522522907129066
2.249718872877435
2.2471912823333686
2.244669133179288
2.242152669341511
2.239642429876283
2.2371408764109213
2.234638692369836
2.232142874840076
2.2296549798715954
2.2271717532876254
2.2246944517087717
2.2222229180129562
2.2197566007072704
2.217296174715912
2.214842549921702
2.212392816696328
2.209949679307396
2.2075295950321348
2.205088894168257
2.202664497580259
2.2002277125909884
2.197808415218007
2.19539462840974
2.192983393421882
2.1905826181219337
2.1881861601907566
2.1857931258622902
2.183407907384239
2.1810292845734254
2.1786510812830855
2.176282705749151
2.1739194442482277
2.1715636362082327
2.169209521837428
2.166848091128995
2.1645023159797905
2.1621627238845407
2.1598276248324817
2.1574974681863206
2.1551729511508797
2.15285852571127
2.150539135449921
2.1482302268194204
2.1459219917751686
2.143623075323132
2.1413276180647953
2.1390375420442327
2.136752163977877
2.13447196680059
2.1321964917027656
2.1299256910994764
2.1276601117443845
2.1253992077107853
2.123143319662785
2.1208937678530786
2.118644479589826
2.1164035733580304
2.114166148788807
2.1119344802297264
2.1097060507064396
2.107488216801912
2.1052673600671756
2.1030604546934137
2.100849639986795
2.0986415795598576
2.0964387766483163
2.094244475528562
2.0920536594218286
2.089868445447828
2.0876897267029015
2.085505820937488
2.0833344218864385
2.0811656808634362
2.0790024010722883
2.0768434639232307
2.074690185834034
2.0725438420015485
2.0703885249763423
2.0682550724716036
2.066116216761037
2.0639842668978448
2.061856351707985
2.059732845242985
2.057615519748277
2.055501028574821
2.0533887155983077
2.0512832320370538
2.0491802636735996
2.047083644592649
2.044990424716298
2.0429019954905643
2.040816996460399
2.03874005017648
2.036663983079313
2.034590232416825
2.032525271667958
2.030466635663781
2.028402565866698
2.026354303003858
2.024304667744286
2.022250962665939
2.020208536975764
2.0181613443250295
2.016130394783084
2.0140988983352566
2.012073040409135
2.010050606953414
2.008034125410246
2.006020135236959
2.00401129611302
2.0020065916266145
2.0000076277687624
1.99800493255437
1.9960068744492974
1.9940190767381145
1.9920319309076542
1.9900500146915585
1.9880721938231238
1.9860973726658484
1.9841295330568904
1.982163333768655
1.9801998282823334
1.9782415145023184
1.97629008641559
1.9743418560525121
1.972395037637955
1.970461642593002
1.968510448657835
1.966589753219458
1.9646366572837557
1.9627176489992015
1.9607877518998886
1.9588630453469185
1.95694769339268
1.9550349622604408
1.9531256810276079
1.9512202889172516
1.9493213315356324
1.9474286412084223
1.9455364893879004
1.9436384486756833
1.9417541109916323
1.9398670569459397
1.937989901803286
1.9361077136977112
1.9342369997277842
1.9323675569948044
1.9305029721563383
1.928640383303307
1.926783054780472
1.9249283874578698
1.9230781480390835
1.9212303674262046
1.9193860842410122
1.917546244452047
1.9157091873442822
1.9138760075937216
1.9120459619868793
1.9102198180514356
1.9083972117435763
1.9065777624627036
1.9047619671396019
1.9029496887055732
1.9011408938219445
1.8993354982487634
1.8975343050721118
1.8957382672574414
1.8939445032539077
1.892151482048856
1.8903686107989135
1.8885747294515989
1.8867923161294293
1.8850143013859013
1.8832393140837889
1.8814676699572708
1.8796995520877473
1.877935218784027
1.876173022214115
1.874414724789548
1.872659815765928
1.8709078438973628
1.869160046748735
1.8674152951575074
1.8656771082775516
1.8639366277472533
1.8622028557423427
1.860466394227755
1.858737562838895
1.8570126464541004
1.8552907265821914
1.8535686717807531
1.8518520017631084
1.850139321237019
1.848428908368005
1.8467220943530092
1.8450184722615128
1.843318048144262
1.8416206245011426
1.839926438574571
1.8382354112371193
1.8365475602662
1.8348631052861188
1.8331853093756647
1.8315072081248445
1.8298320348335038
1.8281592263083126
1.8264886224480388
1.8248186717533301
1.8231557330450043
1.8214936732293645
1.8198368107621201
1.81818170754431
1.8165305351805692
1.8148820295928778
1.8132366789674688
1.8115942363022712
1.8099550329612941
1.8083190561249354
1.806687644809184
1.8050578880746022
1.8034258896263624
1.8018024654801261
1.800180421386469
1.798561528782235
1.7969451464807855
1.7953326338171165
1.793722142299769
1.7921149906233842
1.7905106892501343
1.7889107498575185
1.78731302445706
1.785712459069547
1.7841228134612785
1.7825318581632421
1.7809453707585403
1.7793595975582583
1.7777806743097113
1.776200535361019
1.7746245423146274
1.773050970350986
1.7714816478941975
1.7699145321061234
1.7683524924168565
1.7667846124941928
1.765225455606088
1.7636695286239052
1.7621153181865694
1.76056426548229
1.7590151885634422
1.757470815032843
1.7559272110160231
1.7543865436399881
1.75284877719498
1.7513137513279347
1.74978135651914
1.7482518569908188
1.7467249136535
1.7452007854424945
1.7436793406594313
1.7421611279314868
1.7406450464006342
1.7391354278385027
1.73762221224949
1.7361169106139456
1.7346122098744137
1.7331148286259987
1.7316002640362216
1.7301059236389378
1.7286098455497065
1.7271167667799663
1.7256259146394646
1.7241416802392355
1.722652791634871
1.7211723432934287
1.7196922360436273
1.7182170343893148
1.7167414244749428
1.7152649408756522
1.71379821132634
1.7123301288489403
1.7108647353348991
1.709402563146261
1.7079480159196334
1.7064887507490532
1.7050364897253043
1.703587706238817
1.702133423568221
1.700688009867923
1.699241836808773
1.697794793264863
1.6963535145612607
1.6949159286358517
1.6934801363831389
1.6920475359029459
1.690617468029725
1.6891894956973674
1.6877642209528763
1.6863424760849008
1.6849223831552937
1.6835014409831852
1.6820875014281553
1.6806732545788596
1.6792617290276528
1.6778534845530086
1.676451164262702
1.6750432732940883
1.6736419244652592
1.6722452242667687
1.670847140028262
1.669450447086218
1.668057701625697
1.6666687059315064
1.6652795112841847
1.6638940247151484
1.6625103169485578
1.6611298937011976
1.6597512635320355
1.6583752242146659
1.657001333095831
1.6556314905599967
1.6542651818636547
1.6528917158545549
1.6515279809851728
1.6501652415983643
1.6488049855073175
1.6474465394260047
1.6460912426592036
1.6447394642228228
1.6433885266233028
1.642039096205388
1.6406931055670988
1.6393455158367407
1.6380015080691663
1.636661403282942
1.6353229574089263
1.6339869355279883
1.6326530800591796
1.631321383677728
1.6299919274452033
1.6286649731318543
1.6273418579291086
1.6260171155480934
1.624701605541691
1.623374504943437
1.6220606631261596
1.6207455240530992
1.6194332645704315
1.6181230293546152
1.6168153498241162
1.6155102003704036
1.6142091951457407
1.612903773009407
1.6116047894653984
1.6103071260599862
1.609012368967969
1.6077189248385064
1.6064293783937833
1.6051362982377304
1.6038493348273177
1.6025641637409986
1.6012810713731036
1.6000000134274937
1.598721158839534
1.5974455238246308
1.596170449847861
1.5948984935380028
1.5936326834183048
1.5923591968114579
1.5910898326067338
1.589825286929542
1.5885624813509576
1.5873016998665708
1.586043074217847
1.5847861983772844
1.5835318523452582
1.5822793652498892
1.58102811305241
1.5797794995938754
1.5785320651895032
1.5772899984346165
1.5760460751665706
1.5748074946613868
1.5735670652980371
1.5723383448927113
1.571094995452083
1.5698648398795219
1.5686339969597003
1.567402737728044
1.5661747599628761
1.5649453262303001
1.563722622183677
1.5625000739564627
1.5612806851008036
1.5600630264934592
1.5588474709933513
1.557635025385737
1.5564293208954407
1.5552174624395758
1.554008816914203
1.552805041259104
1.551587527731784
1.5503918539314407
1.5491885230088276
1.5479885670482596
1.546791204238793
1.5455945669623201
1.544402275204848
1.5432103691906685
1.5420211213786508
1.5408322735009226
1.5396491772561032
1.5384631269026148
1.5372805505431055
1.5360995516641651
1.5349190325710276
1.5337433144357209
1.5325677926101244
1.5313935097822762
1.5302220436427765
1.529052349229536
1.5278844771462523
1.5267177916975958
1.5255561803740714
1.5243919918464826
1.5232328193544724
1.5220708848104718
1.520914422907388
1.5197565809151732
1.5186031395915582
1.5174507580124554
1.5163003302917835
1.5151516421626146
1.5140049279568337
1.5128602428371212
1.511715968351435
1.5105748587201406
1.5094350069232028
1.508297777876859
1.5071600756351247
1.506028350080514
1.5048961390203945
1.5037605492675028
1.5026318876653633
1.5015050886231331
1.5003770108442687
1.4992503744568622
1.4981276899537803
1.4970064920341726
1.495886784392395
1.4947682151556374
1.493652501209059
1.4925378018101243
1.4914244454355015
1.490313072881247
1.489203653743149
1.4880954552747343
1.486989320886375
1.4858846203404437
1.4847811820049013
1.4836803502001727
1.4825803934745925
1.481481918387247
1.4803860704036698
1.4792896493623344
1.4781970448243813
1.477105685722115
1.4760149603574113
1.4749264683133323
1.473839323315751
1.4727544559790127
1.4716704820732378
1.4705887917248146
1.469508344475288
1.4684327114254574
1.4673520320043065
1.4662793096358895
1.465200609478591
1.464129237251797
1.4630579905800734
1.4619884163338053
1.460920411334508
1.4598542936889782
1.4587899006168958
1.4577260175493383
1.4566644631877437
1.4556040774828507
1.4545456642025312
1.4534883912475212
1.4524328758425373
1.4513788885486003
1.450326973205261
1.4492757822392675
1.4482280090551103
1.4471813130293347
1.4461329833187297
1.445087530549453
1.4440444617172394
1.4430023452022347
1.4419623521363365
1.4409262084218888
1.439883682811188
1.4388499368825358
1.4378148252914023
1.4367818645120005
1.4357503943426662
1.4347216747208664
1.4336937595563832
1.432665074355267
1.4316394833268988
1.430615292901145
1.4295928355321004
1.4285715713227707
1.427551702676195
1.4265336714813546
1.4255167939723432
1.424501425143566
1.4234875504850195
1.4224751224745917
1.4214641347782377
1.4204545804891768
1.419446396315193
1.418439804172108
1.4174344387593099
1.4164306911630902
1.415428358486345
1.414426863241807
1.4134278370439979
1.4124300909479721
1.41143331913848
1.4104372551590705
1.4094441926830887
1.4084538396255977
1.4074605998866396
1.4064704523852085
1.4054833683860286
1.4044960398914748
1.403509628399928
1.4025248603315073
1.401541690313287
1.400560370529662
1.399580246455522
1.3986014375255937
1.3976241709203863
1.396648034573477
1.3956735578620183
1.3947002083539775
1.3937285933065016
1.392757769017273
1.3917890520177532
1.3908210896680546
1.389854966194413
1.388889345928028
1.3879250653180617
1.3869630697111957
1.3860017218457683
1.3850416441680269
1.3840831856055091
1.3831263053766296
1.3821705950769778
1.381216150324353
1.3802624596266233
1.379310976244585
1.3783601281225266
1.3774108326047287
1.3764628234974758
1.3755162369295615
1.374571236403552
1.37362724148553
1.3726847989269373
1.371743978387232
1.3708081452190555
1.3698625085853546
1.368929642690304
1.3679896750222444
1.367054762801205
1.3661207675240652
1.3651894566535336
1.3642580058710772
1.3633271406918939
1.3624009783711712
1.3614703951627434
1.360544340995234
1.359619563338704
1.3586956548534754
1.3577732789659573
1.3568521463436594
1.3559324366754988
1.3550138575953796
1.3540967940834105
1.3531810634612071
1.3522653287860738
1.3513518186007942
1.3504392736170154
1.349528449790758
1.348618846699878
1.3477143575663688
1.3468082714338114
1.3458939838434862
1.3449901728613398
1.3440862462206309
1.3431834430153688
1.3422819975920683
1.3413821823155687
1.3404821031056011
1.3395856411164595
1.3386887901881537
1.3377929829348367
1.3368986427258478
1.336007621835188
1.3351136361966947
1.33422364048463
1.333334530890147
1.3324471328589111
1.3315589749106231
1.330677956006502
1.3297947253648252
1.3289139403132264
1.3280200471191677
1.3271406977088276
1.326260026558915
1.3253810595247282
1.3245033238785777
1.3236267877782022
1.3227515662976372
1.321877071353004
1.321004286668872
1.3201323848429993
1.3192612866579319
1.3183916693893536
1.3175236568876838
1.3166563203747754
1.3157897285582851
1.3149248872048522
1.314061901812281
1.3131982570042384
1.3123367917193718
1.3114767983944435
1.3106183493095176
1.3097602284471146
1.308900433405643
1.3080459630662664
1.307190891665393
1.3063356203719674
1.3054831402771572
1.304632093173868
1.3037812831284
1.3029316418870962
1.302084008563356
1.301237422034507
1.3003916046734967
1.2995470272979925
1.298702513694816
1.2978594199125733
1.2970173506021543
1.2961770542613311
1.2953366344311423
1.294498566481686
1.293661259076569
1.292824892674005
1.291989670088613
1.2911556356292149
1.2903227002510433
1.2894907544794108
1.2886599413026085
1.287830198933346
1.2870018252068105
1.2861739293243815
1.2853472702758442
1.284521602941819
1.2836972903477988
1.2828737298756125
1.282051558971553
1.2812304577877844
1.2804111777825131
1.2795940985354683
1.2787757880455013
1.2779546324625604
1.27713960088233
1.2763242353458755
1.2755102325024232
1.2746973332421199
1.2738853583781593
1.2730747189814826
1.2722645637756702
1.271455904041289
1.270648108903509
1.2698414826090312
1.2690358556671004
1.2682336155581435
1.26743504041021
1.2666298157423477
1.2658211595747826
1.265022544054741
1.2642225108102731
1.2634239049162814
1.2626262623434943
1.261829683530307
1.261034173144586
1.2602395623978064
1.2594459771685145
1.2586545422003175
1.2578633139702042
1.2570711149752267
1.2562836146281444
1.2554939374702712
1.2547080835289772
1.2539208650694198
1.2531358542057787
1.25234775182179
1.2515655454808439
1.2507821607134035
1.2500004301625858
1.2492202807589956
1.248438803221618
1.2476608972433678
1.2468830291340136
1.2461061616481048
1.2453301468456868
1.2445554974077206
1.2437835751292983
1.2430078403931242
1.2422367487338677
1.2414649436743264
1.2406956048743543
1.239925456723971
1.2391574968127483
1.2383901222778062
1.2376237982679252
1.2368584309427817
1.2360943934725541
1.2353330401929243
1.2345718031005368
1.2338119953958933
1.2330495631214051
1.2322911010666566
1.2315311833335303
1.230769073880944
1.2300141520017016
1.229256292802318
1.228501397764961
1.2277470690668668
1.226994065972397
1.2262416571393482
1.2254906310127984
1.2247396678162938
1.223992546291692
1.2232431040704594
1.222494353900137
1.221748400354372
1.221004898741318
1.220255958669416
1.2195132986726949
1.218771367075252
1.2180266172563776
1.2172856744017535
1.216546215479554
1.2158061171062449
1.2150670317329817
1.2143310282369804
1.2135962109895175
1.2128576126213328
1.2121234861774293
1.2113889318207294
1.2106537361340088
1.2099215822837044
1.2091898249071977
1.2084592687721754
1.207729481890529
1.207000716276073
1.206272831819156
1.2055469919334285
1.2048206590617014
1.204098994117759
1.2033729608501784
1.2026460944850272
1.201923090167826
1.2012014761392669
1.2004801735481463
1.1997601632570531
1.199040728986488
1.1983227066729139
1.1976047758785358
1.1968881459356506
1.1961722905036825
1.1954575834585695
1.1947430656997453
1.194029988179146
1.1933176180075469
1.192606016592376
1.19189512271664
1.1911852802140848
1.190476443344252
1.1897683444955405
1.1890607671498206
1.188355270303477
1.1876523157738315
1.1869473832646718
1.1862421630749478
1.1855417367004208
1.1848359276986065
1.1841326377841068
1.1834321780438128
1.1827324576109493
1.1820330760533688
1.1813350028493677
1.1806376669970844
1.1799411356587957
1.1792453799182552
1.178550968922185
1.1778570361828349
1.1771630763068148
1.176470978462993
1.175779355432055
1.1750885188883182
1.1743984757563581
1.1737113998179058
1.1730279983655025
1.1723402275165011
1.1716503254089867
1.1709675469192606
1.1702753848365774
1.1695928151008492
1.1689070701763968
1.1682243711263147
1.167542489413394
1.166861453149415
1.166180990910164
1.1655017662958407
1.1648228908584355
1.1641443291888
1.1634674326443566
1.162791065466434
1.162115489570497
1.1614419280328128
1.1607643830974759
1.1600950587288246
1.1594199802794902
1.1587489047752182
1.158077719949716
1.1574079628604508
1.156738553613593
1.1560745067795164
1.1554033306296996
1.154737133795617
1.1540728114616263
1.1534013268901786
1.152738367721439
1.1520741113871
1.1514110148237144
1.1507483830905083
1.1500904615605119
1.149431337972313
1.1487708776342551
1.1481052241675367
1.1474471589154958
1.1467892320349544
1.146131808450945
1.1454754002262566
1.144819850222849
1.1441659908367519
1.1435110168317693
1.1428641090617038
1.1422114784056894
1.1415519614590273
1.1409023938402219
1.1402508071241841
1.1396013106786413
1.138952158438129
1.1383039931867185
1.1376564876875555
1.137009837028295
1.1363637797791943
1.1357198317368835
1.1350747736748426
1.1344313935712869
1.1337864938192148
1.1331451585075716
1.1325033400665896
1.1318621893345262
1.1312221560558748
1.1305850778661473
1.1299453348899173
1.1293057560766737
1.1286681315762992
1.1280317757290177
1.127395727823627
1.1267606324705883
1.1261263120480831
1.1254932572541685
1.1248595757144888
1.1242275768860555
1.1235963680021763
1.1229645036250766
1.1223345422481932
1.1217050375457795
1.1210764028016724
1.120448196597888
1.1198213570877136
1.1191946342918413
1.1185706064153007
1.1179428230143449
1.1173198013281236
1.1166950411387955
1.116071519013334
1.1154489854617928
1.1148272562565207
1.114206177778227
1.1135857834549805
1.1129662875487172
1.11234751365146
1.1117293918214752
1.111111835873329
1.1104957180063233
1.1098785887132427
1.109262945911403
1.1086483382468928
1.1080343933217018
1.1074203141534564
1.1068086770381567
1.1061992439619615
1.1055845337097607
1.104975095586358
1.1043635042890387
1.1037528248477606
1.1031441493301646
1.1025358171592605
1.1019284215303973
1.1013215966582899
1.100715560150141
1.1001101651910095
1.0995064405646078
1.0989029269903519
1.0982989356065878
1.0976972978970714
1.097092682566711
1.0964912440715875
1.095890490943665
1.0952903512370018
1.0946909051201128
1.0940920509403549
1.0934937176687625
1.092896335996134
1.092299422371289
1.091703057994604
1.0911075722464214
1.0905130393543823
1.0899192106848512
1.0893248786327208
1.0887353344341142
1.088140342718689
1.0875495865511522
1.0869562070649499
1.086366889431032
1.0857765039237022
1.0851875783830258
1.0845988724196705
1.0840133419584663
1.0834260991007745
1.0828405045637155
1.082252145225421
1.0816693145814322
1.0810830813692154
1.080499664305059
1.0799160185550678
1.0793363586363325
1.078751124550888
1.0781668574852248
1.0775866294476777
1.077006272456688
1.076426394418277
1.0758473039774779
1.0752701170847068
1.0746924854633535
1.0741146932554493
1.0735400243114506
1.0729645534600283
1.0723892734318003
1.071811858890669
1.0712372628643998
1.0706639443276236
1.070091162217255
1.0695190595424506
1.0689476655062784
1.0683812501855465
1.067804155430813
1.0672374887909908
1.0666668307576894
1.0660981026724587
1.0655301119155327
1.0649628567748741
1.0643960060097317
1.0638298310953596
1.0632642585285068
1.062699560363864
1.062135192518419
1.0615713828316127
1.0610084760018679
1.060448415406508
1.059884562649746
1.0593237767558183
1.0587626278789775
1.0582043473370024
1.0576428796292128
1.057086273602212
1.0565247712500259
1.0559672737014285
1.0554100599898588
1.0548538053764986
1.0542982694782461
1.0537462169488472
1.0531988004385227
1.0526298605522948
1.0520801989332231
1.0515256519416818
1.0509724559037017
1.050420432917888
1.0498695711442325
1.0493179776638593
1.0487679164998425
1.0482182910998015
1.047669404771652
1.0471204848682127
1.0465727955419084
1.0460256838140007
1.0454788985616819
1.0449323738948737
1.044388034974518
1.0438434454121375
1.0432989798289583
1.0427567698917106
1.0422135120595801
1.0416689651379056
1.0411280945330068
1.0405854911185246
1.0400447686160326
1.0395032633190024
1.0389650274707491
1.038423392771524
1.0378864141013282
1.0373478223893264
1.0368085178618314
1.0362711945965353
1.0357367409396796
1.035200925818922
1.034659727437048
1.0341272311025795
1.033591406399315
1.0330579246780036
1.032524516433342
1.0319917630506739
1.0314595360616476
1.0309278547620155
1.0303967624098107
1.0298663489748425
1.0293362568277746
1.0288069137003675
1.0282777594002313
1.0277495572437423
1.027221385411071
1.0266941535529228
1.0261674676416048
1.0256423618868156
1.025116948537282
1.0245950167421565
1.0240655230700666
1.0235422215697831
1.023018426021866
1.0224952162268717
1.021972910189935
1.0214504244686735
1.020929723097452
1.0204088045165944
1.019888409163253
1.0193681759631512
1.0188500222536518
1.018330470614662
1.0178120071451777
1.0172946433477723
1.0167780661778676
1.0162609576891617
1.0157444785828798
1.015228637134225
1.0147137077520185
1.014199188434962
1.0136851900915962
1.0131719546252107
1.0126598962734565
1.0121469762438435
1.011635165017005
1.0111248592281856
1.0106126262436357
1.0101015573865197
1.0095929209028407
1.0090823438428749
1.0085731441215666
1.0080651829151237
1.0075589500799689
1.0070500057908223
1.0065443624959964
1.006035997489842
1.0055310978048244
1.0050252006027756
1.0045208090138398
1.0040165696904564
1.0035124089512204
1.0030096400526651
1.00250805696801
1.0020041524835435
1.0015026901285038
1.0010007121740425
1.0005004376166258
1.0000000629287782
0.9995004430394242
0.999001222256924
0.9985047961434055
0.998011881873634
0.9975085124266163
0.9970132814621493
0.9965178355626195
0.9960169763973603
0.9955222787691339
0.9950267905459604
0.9945327372370018
0.9940363219785602
0.9935433645400579
0.9930504549059658
0.9925586199754923
0.9920665799897721
0.9915704057638669
0.9910805001722014
0.9905893779202279
0.9900990112938967
0.9896091043494489
