1.9856196868710465
2.05863597530674
1.8889381726787207
2.3862687534876854
1.3093776895440257
2.3099451933876964
1.4562351217352176
3.2441073947481884
0.45250618509344026
4.470535797248428
1.5233923388671655
3.4577634833193627
0.11616488087963561
2.926980569189981
0.99357500612772
2.4837597389132
1.9076496644575447
2.0737882780039394
1.9328247673260068
2.208397323440594
1.1016060634132765
4.007500872183638
0.6517879132849255
4.42784451828948
1.6662432939530436
0.3456587354466351
1.7055929306448152
1.1949120024336999
3.306613066943612
1.0336600807659
3.6160632712004213
0.968840891548931
3.5864249883440857
0.6725802166990458
3.1345250614152245
0.6363028910224412
3.320434864020683
1.5834415367978494
2.661874955388567
1.397217244786256
2.9857773972528645
0.43964997678714995
3.3004355259255584
1.069397587686544
2.989941010083295
0.9695608267638728
2.0414241320128372
3.03253432491985
0.13214059592232327
2.60027347311937
1.885227131036613
3.0296545201626053
2.72213437669585
3.6010190974482628
0.8208511656377308
3.088992521392507
1.690382774456389
2.174207410778591
2.13145725387945
1.4357655276065369
5.070800010284335
0.646085112021876
2.9299808930550446
2.0916891509285387
1.4304313574156144
3.7796840273866468
1.0302477356091233
2.4948406829892957
1.277136009804992
2.4355937597434867
2.048965271309221
1.3904808973913874
2.3681043580352883
1.6622853610801447
2.4627564295566304
2.6616253835746377
1.8337958761174
1.8563673066083755
2.051846341061922
1.9747979418582426
2.0185211402173597
2.0091994343708834
1.6368806903018043
1.9260143221646078
1.9867032456127758
2.180993834833289
1.681546362812861
2.2558654349424625
1.247003750030234
4.108909798042086
0.566002594190446
4.155120367485655
1.7816337933218263
3.4580274156517006
0.3067473293703536
4.001536878853641
0.3537473153419443
4.221846126444251
0.47006775196525835
4.251459336823011
0.16724817228771072
4.526963148968727
0.4549344027519054
2.674342665800344
1.4499301175111907
2.9796248994850805
1.890476138137157
1.222076674535153
2.8963540583181606
1.3889920847587836
2.569607018809963
1.8332291355552355
2.1453872165707146
1.8871590070392776
2.1991883969807393
1.929490040372934
2.0543797640768218
2.0478425236215885
1.896278461441129
2.1457821113870117
1.9220954424040915
1.9928899634762305
2.050104662167647
1.9580657001744648
3.2905418848581895
2.4184780220587085
0.8159478771556493
3.4846866259006153
0.9587922742920212
2.1297537383205554
1.5300985410895127
3.48465540203522
1.6635215528838827
1.0912134099424418
3.63915265234672
0.27892113307204125
6.246484452326886
3.3385406960085047
1.4060902993965378
0.7297894365097333
4.886404534224628
1.3252238827567755
3.9600795948162575
0.7841845554079894
2.860194764866282
0.16156765936432552
3.656021328499203
0.7887444761810571
2.154324655862841
1.9548392022500436
2.779093513798578
0.8821262669817127
5.671043885022948
1.2835788990207422
3.4304558747795935
0.39910572185983845
4.805004202115409
0.7794829725718242
4.2607765521046455
1.5215984806593357
0.8845595992235987
5.3952972211291845
2.494328258296521
1.710559155981286
1.9621658594179416
2.114872115042073
1.7192613923040083
2.783200037813272
0.49070918306361666
4.765085920023394
0.40453320065177034
3.14739928139056
0.7485773731968498
3.0019482498862557
1.267047166303095
2.3758939659989786
1.9932977594917105
1.9584858765060775
2.5862372719031472
1.5219896699491358
2.1723444082885623
1.5410212359595408
5.428226185489352
0.16841624743475367
2.2989309229399133
1.9891459217385248
2.0139295803537203
1.9989118291507528
2.008137971582237
1.9667103350459616
2.3721813508519807
1.6483294212249024
2.2956775078571283
1.943365930571379
3.400227158747807
0.95845225393488
2.0385304679288687
1.377096527025715
3.6326855336852812
2.9591527525076367
1.9628476424783763
1.6411864408781642
3.685881797931021
1.9743622147387725
2.8048217593663387
1.5938811133063335
1.797394051809683
3.4957752685128916
0.5322738582349744
7.4274288682685725
6.727820372412633
2.24606289817648
0.96006968121537
3.405426400466989
2.0268842792352637
0.09947892984714293
3.813413132252131
0.974591134339495
2.848420178628991
1.3419767531532074
2.4382135645797693
1.914018570647926
2.3326339569603456
1.9189116061202662
2.4073571167591594
1.8720321473357455
1.9809388354365915
2.1960589212208337
1.9466259510499258
2.0579460463502284
2.02320524377102
1.7952786111116437
2.019264606015835
2.3632435599382884
1.389877345348346
1.6328498202471369
3.3661684157905634
0.776613416961206
4.205431827736758
0.03826183221288678
2.8441169664421797
1.9308544934579892
1.615178363519189
2.952951058198996
2.5836502498730094
1.21267286167207
4.755049274647289
3.008629449731663
2.9751033539516016
0.8515705947359646
5.613757216941862
1.1052929667100402
1.7085003051971897
2.7720837614916296
1.3200414000066607
2.4416592374521437
0.5285423879783251
3.4029393509455983
0.6358097955506228
2.5601068971854377
1.8018600963579354
1.8134244341058048
2.324698281567726
1.470346837696802
2.6271292693499473
0.9442202014947634
3.0189285817546176
0.21343497003746137
3.8032898465350704
1.432268156186034
3.0403060738987735
1.0314129559388683
2.4164286855654447
1.776898726856454
3.144294374404365
1.7637292605988266
2.1967229785796687
0.9262474783866095
3.294806075944866
0.48824774337150606
2.774094752848207
1.9727582834558952
1.9208317698897566
2.3214915719829805
1.788182799366414
1.4905816980217341
4.322297500512863
1.2046435028386902
4.108330970326825
0.32518354068881145
2.385800235631129
2.272974829959078
1.2426361235028123
3.9904812118924524
1.076609957793112
4.151041929800509
0.7884057309760264
3.850485528981873
0.050912935424348243
3.000997583506712
1.342630621864229
1.8499021763745247
3.995340064625638
0.30215599317597513
3.9606357374030154
0.9794579615323469
2.13161212185522
1.8807535842806362
2.1628157545818723
1.514343451827512
3.0103497710039546
0.13376503326071834
4.096021991697772
1.0699907186635118
2.7557819833446753
1.7290989206707421
2.2953839611082865
1.8759449302912508
2.2353805767044648
1.4744834982618766
3.2167437131553713
0.14178156543160247
4.73220867454078
0.21590581785156174
3.6243785569108145
1.2242484530735538
2.23251346861609
1.6013465342034667
2.5690966883076176
1.53010327136589
2.4112706177964838
1.6677731501272015
1.9826636457022717
2.505332668353942
0.20405015625996614
4.784163880855225
1.4616952565558763
3.7271704280477045
1.2390541127169141
3.056436385348512
1.730067675222524
1.5637819186108723
2.2295762019575647
3.038905082965058
2.172303110540925
2.50216436403906
1.3522286028801886
2.748162470260118
1.000007871129212
3.981492896936936
0.6289768670134054
3.1838608845119465
0.9500156761931842
2.672900676568173
2.0033608916657455
1.926452302973663
2.1650303640656845
1.8897461927025052
2.0051077361615732
2.243500847802736
1.9627482387826047
2.03160409653038
1.922889652583104
2.1934965183373336
1.8779685740691026
2.048220631397985
2.218703356160307
1.3980773688933303
3.1823346375077004
0.8036248094806164
2.6644566581464244
0.9804332436234384
2.4752632231238905
1.9255618828768102
2.0330556792721555
1.9906906461365004
1.8738639897360831
3.1508169960882886
1.1371705951663813
3.418634085329485
1.4368641061894392
2.735425872624652
0.3549013331109587
3.4142798955896514
0.3609980218522996
4.168960518507322
0.7951195008207026
3.9997629077970998
0.3742383761496944
3.3554755109705066
1.586199752044812
2.7383162084824018
1.3196261974452086
2.2841792206994764
2.009608272087302
1.9783916836667184
2.1186654981938053
1.850583485616428
3.2560139719932253
0.16252549460152046
4.0634149881496056
0.8826239817027873
4.111705761218855
0.7788826030318089
2.8620774787527115
2.813860017183698
0.10920525644866949
3.7865605151888797
0.5617424571019572
3.232179677731602
1.5900931438476946
2.281869175635435
1.904380856757047
2.1019442852768546
1.9942258445412073
1.9434450402346144
2.153439827668722
1.5074514865946969
3.8997200982805915
0.38603220670782695
5.320873988194505
1.9882096967913083
2.6987220623918837
1.585475446356378
3.4974719994619785
0.4934308241632328
3.91028099819338
1.0111495632914136
4.582488944326561
0.038910615264881446
5.249208342009377
2.429262984789973
1.625805474135391
4.021801543416132
1.4115564801583795
3.2982340977246536
0.6895212012476232
4.40872298979236
0.06285827943202034
2.3028060014266765
1.9468533104223735
1.9961804966156307
1.8194058412812915
2.7848802146113494
0.2330124523705756
6.788779886699472
0.3401971612951845
3.412706985303921
1.5210333787994006
2.3580440625973407
1.8780695468613355
2.044769316669371
1.9529612161100909
2.0831311671146437
1.2802067526408296
3.6334063447248726
0.37587700836290233
3.8551689317381417
0.10784177979916319
2.446483942436184
1.5916996902550737
2.8884998585446158
3.106644248888163
3.55832380014113
1.4807147461836685
3.1864138776117628
0.07222142577278845
2.4366862081359897
3.3547772128827207
2.459177529855416
2.183184087350625
2.263420425969943
1.890698174617519
2.156292232308006
1.5078869373349288
4.283267104501184
0.030960955247609043
5.132661679691799
2.5322448401992697
1.9901884817979762
2.187762756518601
1.3167277806929258
3.2327451077911493
0.58919937498888
4.048523472932851
0.006696795802707396
3.43411118570055
2.3402019287066818
2.0893633531081597
0.7408366284077477
4.686728859233378
0.7121031539303818
4.772649453650686
0.5875946797588744
2.643785200917095
1.7341344855899283
2.0388604170243543
2.2669719932944132
1.3914861215997618
3.906159638127978
0.6886932658622473
4.254762149897176
2.591637096147466
1.3887609977084598
2.789529898152453
1.4514418555862107
2.387479214436776
1.3585921662463907
4.584037618770644
0.3565525819355245
4.287806399453749
1.6648549059576616
1.834323788159197
3.092299150624052
0.3011412837098047
4.922249832921016
0.7335749427119218
4.432774296629945
0.8385131333455771
2.9749932104679413
0.9997086220562318
2.450011085473953
3.0457798679829473
1.0518083048850462
4.656900848710548
1.3588365317457989
1.1734243305905168
3.934835777879247
0.02209771386582271
3.306963881396994
2.0349359428120644
0.41742862245208767
3.879221238118685
0.22417068903052093
0.8756191481192904
5.700237314949296
2.436632641277095
1.2749018305210893
4.2872197266068675
1.187348521976195
3.028287444634085
0.7273440724381758
3.8093839424780587
0.28994376363089824
3.5499944150299374
1.2358628020476856
0.21783669610377956
6.925231933857233
1.23901269395109
2.3410974240490434
1.9396902977644341
1.789261338204095
2.3937482158526655
1.6259193303324067
2.1241335018319405
3.1190643386338754
1.1839902900152857
1.2791498553929481
3.165414610698895
0.6426231703809873
2.139976109351182
3.2799148735045405
0.2856137725598822
2.6701754409505396
1.9028059854296007
2.3918514865810314
1.4382009009946801
2.634548570750723
1.9183925167418743
2.030811409209568
2.0460033047958675
1.5287311422468925
3.3056488647635534
0.932350261762166
2.771205914336181
0.4693243115277032
5.214677919768026
0.45065773876800386
1.5768532570977492
3.0273977445135225
0.32152322365463415
3.7575008324822274
1.0007882612209178
1.9876905276228825
2.2197557554412763
1.259369525741865
3.801114600803947
1.6962602450964235
2.420024813158762
0.548695809642501
3.640440182344152
0.9121520151264001
3.1321288769129687
0.12736210733821787
5.859101285283198
0.970878318996815
2.5106182789772244
1.6972686209351187
2.3207571120621187
1.5097694787547806
2.553443852224958
1.4178898552643782
2.7782492525759803
0.8388644321016646
3.1919696824818575
0.9554963473708882
2.351924009648546
2.416513005078563
1.3635749553762384
3.761736819642506
0.48078739802697157
4.314630574289771
1.0393294763749825
2.404828320696464
1.674622705686935
2.153735492271995
1.9998130808602728
1.8571028051218508
1.9072422663897286
1.642582520372635
3.5632808871585837
0.5094834328296496
3.6198798554575378
0.9622391479046282
4.978250065846776
0.045513190697170934
3.5036721852182486
0.008133110422274678
4.183634310520289
0.22455440812953267
5.753573414934224
0.5931709746358771
1.136224043673005
5.179316042490964
1.7136327145668697
1.9746692808479194
2.4109747713260568
1.6329991463878248
2.6034754125820827
1.9852118119327946
1.91293866960636
2.5052357636362808
1.888991143562205
1.3303279560287713
3.1282165859647746
0.4377457731935915
2.9730015439040645
0.6717664772480606
4.222145408243548
0.1771031484582173
5.700867112570177
0.6861733324703898
4.282839277767409
0.8579195965145497
2.6451632202306548
2.2609145724002113
1.1962900547952677
3.6953693407936363
0.3782270438028631
3.1220521861045993
1.535413135639374
2.2686584681170396
0.9758823559202504
5.3654276569394295
3.059929107975514
2.846904561860843
0.3045747807544058
5.023843393972514
0.42194623180435736
4.4611725562457805
1.138863844563098
2.072904251460731
4.1373882298179385
0.25878679562096857
2.72377887232339
1.5498276640861914
3.0541054124562876
0.059063415222254445
3.711790117186761
1.6419329531560016
0.7556029163281331
4.448969537716492
1.9247235831639793
2.628590393495183
1.4189785654265543
2.4202317712302444
1.645450692698959
1.7425819807053744
2.755731942081257
0.221352825145719
5.037183825313012
0.6065086993598002
3.449893673700393
0.9944636975662268
3.345136573696719
1.7708164291061388
2.7695186110826255
1.2952256818285586
2.8989809211987434
1.5254693993225847
2.79329480060592
1.3531770222940043
2.2455535042775394
1.623049322754462
2.715094605011599
1.4622884931919429
2.1545072087484756
1.9705476315789299
1.8140601257801126
2.8294712629522474
1.3658066736483776
2.9020822109000117
2.4219849669433877
1.2374229765113351
3.9219539579728044
0.8127377894665241
4.237653867400781
0.6928022695562271
3.338672551018817
1.128076950332098
2.528696051861153
2.1706917673849837
1.5228690235399351
2.766303187208047
1.747922721711222
1.602795774343617
2.3697446516734506
0.6629538959850804
3.988066039757744
0.07656253416890821
3.018467443068259
1.179882526183641
3.42897963181889
1.8251751369525326
2.052356576881562
1.9108768620957166
2.388661998771031
1.6203775428840814
2.553870570102924
1.977627768072965
1.37426324139239
2.93911848375299
0.3241721831597264
5.238427963546599
0.9003028900043404
1.0370282515041593
2.8307691625613844
0.7776377124258814
2.849961066461526
1.727015695587205
2.009114026127778
2.0163700715204995
1.9882586402009308
2.0073955094873472
2.0922354258214
1.996027357234154
2.611199029583349
0.36308739363865716
4.2601958996368445
0.22948991341581354
2.1710285287500724
1.9640237419376352
2.4602768975830056
1.4375187680727477
4.225687690202807
2.4435633649580084
1.4964448082831074
2.754369288886503
1.9340114763205798
2.0247564012339123
1.9280795099707888
2.59042086955867
0.6731632089729129
3.9604433409857873
0.2554598515946274
2.452586083574815
1.8530081570210102
2.0364545507858653
2.0219363587039725
1.979913781459446
2.022349464394529
1.9427359188472069
2.0603113413697076
1.901077843450901
2.1587380668171137
1.7827423731206342
3.485632398762226
0.5533609176546351
2.876352870060992
0.08213759164748602
4.844749481086895
0.3919664653414066
2.87906571537599
1.8046796566768095
2.01742144212463
2.0341774404355664
1.8490025020856895
2.1295589812296134
1.8435226824892983
2.7940664200896563
1.3786610535959276
2.570216232610785
1.8635757594061755
2.182468782252671
2.080030223378245
1.7810071311928433
2.8955287785590933
1.4809479168421742
2.3354186151054788
2.3261559374391125
0.06324364192314073
3.7285846848155666
0.6907553320444386
4.894605548872589
0.27530671192358325
4.29728895947329
1.2542016105502127
2.614092208905549
1.45559350139737
2.1758008378019467
1.7573346914344468
2.826917653564353
1.7428646471542582
2.0311689426114383
2.3828192227318157
1.6175548340853239
2.2291399465247923
1.9445011984316307
2.1031126196596124
1.8691094952995562
2.126424436324273
1.7810126305330225
2.8724344221319553
0.17740220504948861
4.270807364174032
1.2091266321559766
3.008266428118278
0.5387377084524466
4.420127054584088
0.5837864200839649
3.7805369310452908
0.9478664759038031
2.18687895976176
1.9419878735464564
2.0534380010886397
2.0339669415055073
2.0017427586234975
1.9218747359467594
2.1856025586279118
1.3135890289339696
3.806365406761904
0.7418901065895872
2.7968632875894426
0.4631881435689248
2.6035367593045486
0.7279357680470736
4.6399896729597465
0.2792121951191048
3.0757808325191442
0.764004111384367
3.263966099376123
1.642842981732794
1.6976993062068222
2.7927523637833622
0.6565080108680661
4.711663376065846
1.0079268224154974
2.193018678289053
1.9470439759974896
2.2526533971991847
1.0574257128616182
4.645386844156747
3.594563874812728
0.8231858373140545
4.2229669995511765
1.1563483536783086
4.603386487415863
2.3124450156909053
0.6737702649206702
3.8112525911939885
1.1140321934051123
1.8421476668062826
1.268841830192008
3.4956797624764917
0.010307546285371564
4.863750234411341
2.3307454218389196
2.5509092183630684
0.5716514585933619
4.541961822277037
0.35060568989091806
0.13277583511213098
4.4477447488340305
1.617098690930507
2.9436867266436026
0.9543312259809967
2.514979483574355
1.7590333507655675
1.8582394821271864
2.1241809982252065
1.9583636818035937
1.9185883270434212
3.6077308472321294
0.7642527573745781
3.1536884192471537
0.19057980775346745
4.277170361390499
0.1355180234488922
3.333928965944942
1.0541213102802192
1.4911751057811087
5.238725373769703
1.9035684369467756
3.696988380797293
0.037270660881335974
5.941724327029238
0.3533581019566047
3.068272450712796
0.28088745391292236
2.7196569822032703
1.1950418394514877
3.7963989639099522
0.6363828320243416
2.958929434223956
0.38294702962743893
2.5709048415127898
1.8093981479916186
2.0559910754239503
1.9986213808426234
1.8937749367992374
1.59143801206005
1.5868172808560614
3.2466512157661622
0.7393341167629999
4.3221469226607905
1.3205839107013688
3.1795246372468857
0.34574101735618396
4.76222464054271
0.032149416857998624
4.509740160642032
1.1362667354633733
3.84987941112574
0.44114501854395716
3.252233062814238
0.42611928996762627
3.058959085174219
1.283851389326339
3.0301269458411104
1.8174380948152253
1.6776783894127871
3.8564556176907323
0.5969025810860259
3.3409610042506266
0.7915277593137738
2.1872312215180085
2.059016613555928
2.073997153441528
2.0180061179701174
2.0061319384300442
1.4219182266060801
3.5744166604821683
0.4295545175241403
2.8931867502346527
1.0700136731112941
2.158863686256653
1.9494857596842428
0.5987329011605124
6.079935027732639
1.1428610220309674
3.8122357941049367
1.180379712887563
2.4774565667670174
2.575880276080263
0.6025507539109675
5.009487676188734
0.4689709057425841
3.4108058885792993
0.7803790681190474
3.855451634567055
1.3598995213470648
2.1602279777126676
2.1954931484305535
1.4481180823987136
2.8904445193038137
0.26333365063842756
5.800616404953458
1.0462427682650923
2.124710580578684
4.039122979578585
1.7247919731953607
0.3769471569301052
7.347382069113899
2.0770850906553995
2.107367803288013
1.8800007013184492
2.076691854760076
2.068391689380854
1.923539304475134
2.2444116014264326
1.6020285335730269
2.6356938925679283
2.6206971148813616
0.9138355488877817
3.890453779483433
1.9713797259205412
2.1931300284920896
1.7690463990542824
3.230376615404354
0.387945597222338
5.104598283547449
0.4782298834971776
2.6941848793620533
2.39169826253313
1.6103431988924488
2.586052862907406
0.5669987380582246
2.139248677104799
3.7251423392456453
5.226076341714634
6.493420435873091
0.8750854557676327
0.189190732952287
3.851962033766166
1.7336264943480628
2.132564550733769
1.9224870959504388
2.7477363843745275
0.3616166204341234
3.2565775928337413
2.3141302579530003
2.623776025201026
32.47173088336541
124.87363378944019
242.7192438877865
377.0943327210691
108.81548680987733
49.35008461264198
22.5978002786777
1.4779386666170158
2.0175655278278253
2.4600714327799196
1.8276297036984057
2.1995494154303574
1.897293141286224
2.125788484091201
1.9771444101789586
1.9003118183211112
2.468821517402298
1.4922981105407984
3.72429684409347
0.7578356638316741
2.3392131524617246
1.3647231214866578
2.287845435474412
1.9233723863157113
1.6025680558215203
2.3329010507793075
0.6300066402892751
4.636463938917392
2.13514791286579
4.144368839234233
0.22277425623637165
3.858397921969088
0.9560773778945644
2.5317005377438333
1.0787519699721417
3.137992043911388
1.8781827960182425
2.0120691593803413
2.0060936034049095
2.0141701390578066
1.607490025062304
3.7536863632543613
1.7747265880075616
3.692267896585045
0.3347107451412967
3.9795656194218503
0.5792279204760284
3.239145125936974
1.1279516260025542
3.8173145824088404
1.0275868179418437
2.6572133222044116
1.920038852100811
2.0175932235650045
2.297572952885943
1.2048287903302592
2.509492886288307
1.5431406092189337
3.187107733066339
1.2415767566526623
2.0516169551446843
2.1307999879767276
2.25167624388605
1.3270956513731285
2.997704676926992
0.08797979001138856
4.497183433944612
1.1025983573553837
4.280911944432729
0.25845356818455284
3.6334408247921384
1.857276029100223
3.758640774604939
0.5460564758543944
2.5320052923989462
1.3770450747057719
2.615489257544328
1.4290583147594496
3.0513061664422634
0.2888925613304103
4.596700186925685
1.2726871116750622
2.2638225100355767
1.5079218648800405
2.1084817271466387
1.9711424709386811
2.015662648832619
1.8545771084426812
2.2635878705128873
0.11458785673933594
7.123355574849586
1.4717738035803463
3.3938005962598914
0.6331364339494939
3.9099895366225925
0.14534734004979785
3.5931779637106125
0.3660599823764181
3.8135398426452056
0.16353957395904564
3.3129335962728215
0.9006447749818738
3.4878732835621413
2.3199434419772986
0.25153509643022604
4.603635801903685
0.5459973190776676
5.237685905882145
1.0423521255217558
3.4527258250057096
1.2387973533831105
2.6091209099321464
2.3246170007117026
1.2807798865925684
3.646590444263372
1.289113205151014
2.326401862892537
1.6199020471702157
2.1999167379926488
1.9940913110771283
1.9241941392639443
2.3488007473641064
1.3069421727631807
3.063674424171242
1.6413990881841836
4.8704557275314455
0.12085840272085263
2.987396393932421
0.7491640313786366
4.547089075771237
1.3272234731101755
3.037010695969347
1.2033631157945481
4.193242708719281
0.8382389373347018
2.2962273789548306
2.518389315333065
1.4706598188120337
2.3998787316897636
1.754652670475249
3.0043314204987257
1.5831698838063537
2.7269583759457916
1.7816446332532845
2.0083345557110595
2.2663857378752095
1.683009254139559
2.58600460014247
1.0589442282563006
3.103909798741179
0.22173107032333986
4.387531661488402
0.375287988394519
3.8198825487508965
2.048807889275892
1.5705545185619594
3.52454137783762
0.19153900176648767
5.791397130986843
2.8247393270608354
1.2365994011605377
3.1265707433134087
2.22790959438971
1.5890081033604524
2.6175473860057745
1.9172106588832896
1.5416567781422137
2.4855623693336364
1.082993013673513
6.3039388523190985
0.6063353323988363
3.7906113835668345
0.2513808470392544
5.491077797655826
0.49392355552907746
3.9884191847164177
1.0709716958531543
2.026304240763115
3.273680034347446
0.460019332660259
4.230406273934787
0.7704644504106178
3.7667637423214266
1.2984926998199768
3.0596465776330213
0.4434509551575259
2.8374959839695646
1.3787184815146585
2.670752099796681
2.0736084593376525
1.6401109241206466
3.2380016647756467
1.6621102416227704
3.155379452236065
0.8405768191109088
2.678795102928559
1.4198756951450393
2.272492861776072
2.3467615133975563
1.6284356217882376
2.6128307632199035
0.4435815974888135
5.659787169452036
0.571939933350941
2.92033448651449
1.5854570863803283
2.4068812682084095
1.1218614211326388
3.496745725505467
1.7022492223668553
2.61746933644562
1.8092239223448259
2.5151378208592168
1.2961530800183843
2.0111392819298883
3.129849449884705
0.2799408755312216
4.168548599116704
1.6961554425339134
2.09227535432678
2.0145539885431374
1.298768641198628
3.8234893321465777
1.5552440541798818
1.2481446337474298
2.669189858409705
1.1059328115806981
0.018700643421455727
4.910043104579551
3.352440390951356
0.34847413618841067
2.6078928390266642
2.8687139247075373
0.16582729872885998
4.361442201914269
0.9457210216066331
1.7986142942227596
3.9154365672932574
0.8795860434868086
3.6999269217550963
0.03192191716596359
4.906688076881971
0.8185857454215041
2.9038019244152005
1.420077079989502
2.8535030631694123
1.0062186990322448
1.8636064891989128
0.6021459866625091
4.85262681302734
1.4343591368268898
2.890765410977813
1.5433292201995104
2.0056288222352365
2.828669754456478
1.2160135431306203
2.253482129162405
2.96799723080633
0.14420432018936669
3.586239938478641
0.3696120745826482
3.530398840332008
1.3246091687723092
2.393238394932179
1.8585566818006316
2.0225854934632466
2.1692576705783706
1.7047455258372088
3.4564123950870775
0.7037514397229759
2.9490463964948925
1.2249408316423174
1.6692336962763168
3.16208142210023
0.005953997387011523
3.318638463017967
1.4315485225571851
2.005914099266443
2.0137779333455454
1.9048047675700832
3.2050730291609257
1.8471498926169676
3.267128216195178
0.6865514926896917
2.8693202716513824
3.911754771094994
0.8239959024740685
2.559475641156075
2.1698049522583776
1.644977088057548
2.5574922224629817
1.47697280082225
1.9107686071677619
3.0698628658980742
0.17181937312377604
3.382428354552971
1.937608911915873
0.5980236298564384
0.9078090653521573
3.2639750776159424
0.7958729894178941
2.9786227928111777
1.748881849189143
1.8795623994954465
3.4306208518199357
2.7163574088986886
2.3565886289341758
1.6863947032602329
2.3099524811458556
1.137690664466816
2.398580253290554
1.7192133101554765
2.112695200478141
2.007499287550212
1.9930866322131182
1.9877160650819394
2.114507191121884
1.0815094810362016
3.5758610425101027
0.932339733791506
3.088028410635027
0.8611320825669323
2.759457145065677
0.7375954383571361
6.911266260379647
5.485137794318002
3.900773032687181
4.180932941305864
0.4618596212353068
3.287440300860774
1.6798730399423913
3.9539690732764425
0.23959457258841424
4.686208382717841
0.9117258510049083
3.257700538428588
1.0497514155146774
4.259056389983627
0.7226811080899009
3.2185836300028985
1.340725952984179
2.379543223587153
1.8022393884525891
0.028839278570910547
4.962010491822735
0.46171249773886974
3.3587221241604164
0.26839225652848475
3.5661362227499307
0.020522929587326762
2.7313059338101566
1.2336838889575068
2.3919070444765005
1.8008412163774363
2.233988396595407
1.842592968634327
2.104984199065825
2.248966257577728
0.574589236224684
4.860360853129842
0.32808358549696737
2.3751746986370557
1.6778976699498729
2.4939647917763064
1.2138557717472964
3.014685084562208
0.3883246415502196
2.7400001208124105
1.6047691836336597
2.1493717968981363
1.89023254042023
2.046544524461661
2.0509243150279692
1.9254945859216477
2.0833898189153435
1.883641220207439
2.0592438436364504
1.96930243498378
2.221013656654053
1.4292136143207097
2.5440121750356757
1.523308800973872
2.0162175460666867
3.455119197147114
0.3641335244646368
4.058531599196032
0.29332560977397587
3.439423176704649
0.24046113171951733
2.5096766109330355
2.3814654800815838
0.590496759415433
3.574774854575667
1.4229429800236824
2.5189969867826973
1.3979484630943109
2.2547812429620944
2.0046921136340874
1.850951940141062
2.3870088222091845
1.7934616301971187
1.9957727489222299
2.0410885534535383
1.9170641484227107
2.243850639752358
1.7496257516577702
2.4677525527133084
1.7174248393272324
2.1372318484787627
1.9781834401847258
2.0006769394181405
2.0277317147712233
1.97893280991731
2.02324635949484
1.9009294504056098
1.9624596088633879
1.480301351013354
3.0445323919275418
0.8643321862935627
2.5988720778289873
1.824573305635666
2.1050421246104736
1.8724114986522742
2.2508082751422656
1.7883183945478585
1.8890935733267546
2.2937653947985246
1.357195880994191
4.212701153818259
0.31879209920849405
3.7815477687476093
0.08509966486640427
2.6145806897600408
1.8229437383390565
2.1204221650834234
1.9947709663169484
1.8619609628232319
2.630182337396061
0.04160902619608322
5.09883492190207
0.9565642631205875
4.221163309821504
0.4103600602112898
2.47518036722366
1.7434523945179308
2.1802836193188284
1.792628991148733
2.2012108982267655
1.712719946853477
2.3832869896689437
1.667596825215249
2.639015274651479
1.7403322946046724
3.2933636365242913
1.3439645295019218
0.0883305124391027
5.1773333410500975
1.3432061583183414
2.1057410508684216
1.94353508036669
1.7647888233483526
3.4056649309943694
1.0001820629647515
2.5094908999417975
1.3322717457336437
2.4650652342620183
1.6553833802484568
1.5172862093636723
2.777495016093917
0.11280715933075822
7.16869185995111
0.5052933136720026
4.795883916855821
1.9639504209606096
2.2096883602588537
2.4810516016069304
1.2879053379428473
3.3242129224882566
1.6575968816655728
2.0257358591602155
1.9776966955809814
2.011311300779908
1.9852032272405435
2.1130387498040077
1.8662473969108246
2.0689545806341068
2.0158954846714807
1.6296426160213848
2.643895609738507
1.7642523395266019
2.1030111435240975
2.206323867361125
1.4075996331234508
2.759110529138214
1.026795890268744
5.109455121857075
0.08501268238499067
1.9150800054443582
2.9236042553456194
0.7632598745721083
4.206400773995932
0.17393634993893742
3.8710341305710694
1.1009244768707998
2.5128300611746397
2.0864082009951654
0.5558512748278478
4.1443470288442015
0.5080480566890432
2.8462685325222723
2.7410505099177565
1.162422155401041
4.628233060394519
0.9450811581876761
2.9921785235213063
0.0656835468386138
4.733672513265199
1.5277898853995313
2.4681615290338748
1.859229587486126
2.1103611615692
1.982733674445365
1.974744281419186
2.1399491569057383
1.9464928281027887
2.0621226745594847
1.9151631485783154
2.0834014214941003
1.853019593997517
2.078726505918494
1.9024545126813677
2.2250902659363803
1.2548029929495905
4.168869297649905
1.3246892068481797
3.9358127369047855
0.9663494914366192
3.0620872896927542
1.0541152179160493
3.5815330097087235
1.213715525035437
2.4554795269274057
1.676691924751674
2.0943808684993863
1.873596894392639
2.010052586331605
2.329367722977045
0.9170861092598306
2.6733636428603367
1.6563605097404963
2.7199465151398146
0.846130134875392
4.527685639020303
2.0959086778539007
2.138950334310985
1.8549656624993451
2.0778212540318157
1.890133439107475
1.5641736065083343
2.804506876457011
1.0674036554300792
3.6213816514513457
0.3653847651554368
2.9386180603799605
1.434774928602735
3.2800568594751303
0.4101766775737797
2.514765721155656
1.3013744542166454
2.9661558775735215
1.348400202737931
0.6927706247197046
4.448854769060069
0.3975265427171953
2.699196088660301
1.559137844245188
2.622805165975521
0.2255287536847018
4.146700236836103
0.04233760297408727
3.0860678830991453
0.7313352741512998
3.020690255416459
1.2081084142574814
2.013961923085669
2.0829776628506536
1.9598021219464652
1.8088566348295312
3.3105999739123906
0.30556050877243185
5.131308730392086
0.3601217504728026
5.309069331164888
1.228476831593629
4.554399803829934
1.0143658978512138
3.5053841518583395
0.6743331745548253
2.44181356839399
3.46310098477265
0.5096378117671043
2.3090773370942186
1.5851334036280667
1.9127150648558282
3.2402533279009993
1.5691723593695457
2.8951251972356715
0.7250040320902738
3.1826424555034873
1.4013941867186246
2.3469975708862996
1.9406533734211415
2.0539187272587243
2.267794448842682
1.7901736491805078
2.186234899597086
1.7065281398558194
2.3564985736512067
1.785634651715088
2.3798084333020504
1.1663362507478836
2.841905541388133
1.9021703027425911
2.1188210534121428
1.9349974598682829
1.9949666931201286
2.057319296714117
1.9535752305711214
1.9278773197181223
2.306264392402873
0.7717703158583671
3.3287197517361444
0.2570397247426439
3.0918269166180763
0.5244616709195996
3.8591633909924346
2.1278768309286358
2.011293279781899
1.6479383619979393
2.2703187895273924
1.983213765222115
1.7203908649676667
4.124469611059571
0.43815831130354044
3.6922589552234535
0.6715764375872618
5.7016518388147865
1.4660522431318115
3.4039733710216447
0.8109233688601434
3.6111767841066573
1.7449817567928472
2.1976465356237003
1.6038140817612863
3.0160650706850354
1.9274852646138667
1.8687819595043769
2.2178816795552554
1.7423444225954785
2.2870990631815933
1.8144951324661711
2.172965880401404
2.0568358609490285
1.183684108924443
3.3990596651907543
0.24061294502665673
3.3228113841283586
0.9919170760253331
2.1421908383083594
2.569365036487589
0.05234834313101007
4.387323191874641
0.29101205097655186
2.8752003695708575
0.15965526197217944
2.3640373282564293
1.1637931001491513
4.30690457389911
3.8436971103211617
2.172161739494846
0.23216679845675828
4.251841179240014
0.5013487362026715
3.5897321206894235
0.1538136941224761
3.9690755703178455
0.47880991611757734
2.9741409270401897
0.25185872332829007
3.579373777200159
1.2307241465614898
2.344256043987177
4.249611438595536
0.832052262072454
1.1317771920882935
4.028020839116691
0.20517466185219485
3.969680336538087
1.132842202503529
2.2930360080023546
2.150156883742131
1.7058827671210977
2.3072006783023196
1.4481500957917903
2.7049873935949513
1.393022553871283
2.3641227677645023
1.8756134997007596
2.2337306170914357
1.8417689321825848
3.5882631900858963
2.1179911020803934
2.847966448339939
1.6148356288589365
2.09805719889439
1.9747584165951275
1.8790737070217938
2.7874673745960403
1.3725614470018885
2.48485645724603
1.605614034824947
2.1160039059496776
2.4927148819272107
3.604700557663063
2.3163423851972444
1.5841335810681736
2.496466990293104
1.566398581115372
2.2534894739473215
1.932526262751036
2.1568631577707595
1.9448317125427315
2.0440594644582495
1.9336052783913542
2.4697300024697166
1.2387509200270763
3.2833429551331728
0.11111371221147917
2.747805261950652
3.1936494232844446
1.760628142938958
3.8492722424633268
0.5858340774559496
2.5116098705787056
1.9139767656590352
2.031691786840704
2.11436667430757
1.9633634944290268
2.0431870781072026
1.9745070813271879
1.9882336014270545
2.032892990899216
1.969887641246055
2.0621563985543885
1.9658459029960824
2.638746646143627
0.5209141718290976
3.4866306103003972
1.1897256356646413
3.2496131678666673
1.4222797968919096
5.539342380296377
0.11296153245990795
2.6001743627323215
1.8263156732683181
2.1118394346773353
1.906569256670648
1.8144600185419144
3.200510728761647
0.42715292839507224
3.959476261754785
1.8128282271628715
2.4484011258559537
1.0307535194750708
3.5209375482753473
0.8716841565770327
4.1039687011709685
1.105677829457924
1.2670393704624152
3.2397444849977375
0.3859692523025672
3.3075450996418283
1.1897398595699744
2.2684972054689037
1.750490525213587
2.227312404870399
1.8992110151198283
2.0474638778784593
2.2824634614509653
1.621083472926232
3.213665482954957
1.6992233741032943
1.7225045562467658
2.5040049080350277
1.7165546905868174
1.9919624959133
2.0111634206985376
1.9778456217790232
3.2958800054473167
0.05504829338331417
3.5382075996133406
0.6823556274247018
2.5874136223113755
0.42088103001161603
2.862577193218042
1.4551040195138352
4.351577153504226
0.1517828329049009
4.112525783916063
0.059462693458074076
4.173624752804076
0.933609427696183
3.1611738477503515
1.2975808650541651
1.769713046323154
2.3419989011760256
2.148126770090403
1.6056728365382595
2.8212538278961876
1.301091585196383
4.869777915821625
0.009351650166047802
2.7606293405297295
1.68939796772369
2.3147523666013403
1.7603148465032166
2.127456724860942
2.000776181356741
1.9166054192633437
2.5402642427345454
0.7119890398351743
2.7373100554688072
1.8472440547939422
1.7201619324603623
2.6877100620088665
1.1679644449146904
2.9427418822820632
0.2579077232745426
5.122536160450058
0.5834792772520948
3.492577677038195
0.7507736829589827
2.2713226176598886
1.8253955821223997
0.44324763345180623
6.170640030754034
0.651185504856391
2.4563802557864722
1.7613152075039056
2.065198687963503
1.8765774655678429
2.2861120755492834
1.5959179358808089
2.508460571275924
1.6862768254405778
1.4445537452245905
4.487092761881868
0.16516217796817845
3.11627302014632
0.3565353041788135
3.0163270318063935
2.05468340180979
0.9943507512305522
3.761926156736048
0.00980963926105729
3.869624986073559
1.293733125787488
2.272540783927076
1.6898239088629452
0.05264355944130443
1.386593297912019
4.837621520274369
0.7104391377926109
2.2849932696171034
1.6772104625658004
2.6829742949580515
0.05701515609327146
4.788811581771633
2.091984313939178
2.2407996247981252
1.4720780501867212
2.3953396617210103
1.6947937413687135
1.9968095055583719
2.882720723769133
1.7990820047825922
2.1812526329523525
0.4112327905666772
6.493164801359414
0.3926057610853028
2.3274990814394614
2.018222666203142
2.169226959159697
1.744674681991941
2.56782912472742
1.8138043249995952
2.279598976996489
1.9731473019511476
1.9613022388804542
2.3718154107892353
1.2949770572248642
3.0330207847393122
0.027958345398942205
4.505760935684899
1.7559392769161157
2.6050571224231396
0.9647004213186064
2.144978640183224
1.9738364196018965
2.062307254199853
1.9297376682463134
2.0428085193027816
1.9601698671130516
2.0577948976310574
1.7299386479451204
2.5058183674158827
1.3525792929738039
2.481937655488323
1.7728417620905235
2.4417668094405567
1.3945490673887138
0.4316822084549308
2.0435747081728084
1.3817278544492886
3.017913318260498
0.5840221168172393
2.502059857295285
1.7241578978074619
2.2376193657528143
2.069771155008584
1.9204310591184541
2.0622579720288314
2.0482340457839774
1.9537068412623153
2.0410094878333513
2.019222910744732
1.6368447781863413
2.592792173828736
0.47087428126524433
2.921717284151579
0.6273630990355349
2.046144237496802
2.3056016171406046
0.633910977930656
6.468861111800445
1.9373234849955145
2.3184480791085504
1.4735501527935828
2.973902217445683
0.9848371842054949
4.371479479483781
1.569583713339381
2.337136160727648
1.985151833616913
2.001968118135319
2.0141204620589215
2.20223349493223
1.3298242482177314
3.7984153445751847
1.2022107484654891
1.7975165852229145
1.8995665577640983
2.9601360454182735
0.7485774122197534
2.769459683363276
1.6470774222838735
2.5690371764065727
0.9737723167087994
3.8886347693781707
0.789020470914266
3.1732053658541415
0.6250824203992354
2.8852111003830894
1.8713262216223012
1.3383328706322095
2.356218217353099
2.3040734196806296
0.08452991805079993
5.042852576220865
0.9402533636343303
3.080387422594306
1.6216819283133832
2.1905378043818957
1.8218914085650697
2.262921832607928
1.9215869088033457
2.0134081937568356
1.995662054961024
